pad	cobo	asad	aget	chan	row	col
1994	0	0	0	0	30	3   
2044	0	0	0	1	31	11
2029	0	0	0	2	28	14
1998	0	0	0	3	29	4
2019	0	0	0	4	29	11
2048	0	0	0	5	31	15
2025	0	0	0	6	29	13
1990	0	0	0	7	28	1
2023	0	0	0	8	28	12
2040	0	0	0	9	31	7
2021	0	0	0	10	30	12
-1		0	0	0	11	-1	-1
1986	0	0	0	12	29	0
2027	0	0	0	13	30	14
2036	0	0	0	14	31	3
2032	0	0	0	15	28	15
2017	0	0	0	16	28	10
2046	0	0	0	17	31	13
2031	0	0	0	18	29	15
2000	0	0	0	19	30	5
2013	0	0	0	20	29	9
1985	0	0	0	21	30	0
-1		0	0	0	22	-1	-1
2042	0	0	0	23	31	9
2028	0	0	0	24	29	14
2009	0	0	0	25	30	8
1989	0	0	0	26	29	1
2038	0	0	0	27	31	5
2024	0	0	0	28	30	13
2005	0	0	0	29	28	6
1993	0	0	0	30	28	2
1997	0	0	0	31	30	4
2001	0	0	0	32	29	5
2020	0	0	0	33	28	11
2034	0	0	0	34	31	1
1987	0	0	0	35	28	0
2026	0	0	0	36	28	13
2016	0	0	0	37	29	10
2045	0	0	0	38	31	12
2041	0	0	0	39	31	8
2030	0	0	0	40	30	15
2012	0	0	0	41	30	9
1991	0	0	0	42	30	2
2037	0	0	0	43	31	4
2022	0	0	0	44	29	12
-1		0	0	0	45	-1	-1
2008	0	0	0	46	28	7
1995	0	0	0	47	29	3
2033	0	0	0	48	31	0
2018	0	0	0	49	30	11
2004	0	0	0	50	29	6
2047	0	0	0	51	31	14
1999	0	0	0	52	28	4
2014	0	0	0	53	28	9
2010	0	0	0	54	29	8
2003	0	0	0	55	30	6
-1		0	0	0	56	-1	-1
2043	0	0	0	57	31	10
1996	0	0	0	58	28	3
2006	0	0	0	59	30	7
2007	0	0	0	60	29	7
2039	0	0	0	61	31	6
1988	0	0	0	62	30	1
2002	0	0	0	63	28	5
2015	0	0	0	64	30	10
2035	0	0	0	65	31	2
2011	0	0	0	66	28	8
1992	0	0	0	67	29	2
1930	0	0	1	0	30	19
1980	0	0	1	1	31	27
1965	0	0	1	2	28	30
1934	0	0	1	3	29	20
1955	0	0	1	4	29	27
1984	0	0	1	5	31	31
1961	0	0	1	6	29	29
1926	0	0	1	7	28	17
1959	0	0	1	8	28	28
1976	0	0	1	9	31	23
1957	0	0	1	10	30	28
-1		0	0	1	11	-1	-1
1922	0	0	1	12	29	16
1963	0	0	1	13	30	30
1972	0	0	1	14	31	19
1968	0	0	1	15	28	31
1953	0	0	1	16	28	26
1982	0	0	1	17	31	29
1967	0	0	1	18	29	31
1936	0	0	1	19	30	21
1949	0	0	1	20	29	25
1921	0	0	1	21	30	16
-1		0	0	1	22	-1	-1
1978	0	0	1	23	31	25
1964	0	0	1	24	29	30
1945	0	0	1	25	30	24
1925	0	0	1	26	29	17
1974	0	0	1	27	31	21
1960	0	0	1	28	30	29
1941	0	0	1	29	28	22
1929	0	0	1	30	28	18
1933	0	0	1	31	30	20
1937	0	0	1	32	29	21
1956	0	0	1	33	28	27
1970	0	0	1	34	31	17
1923	0	0	1	35	28	16
1962	0	0	1	36	28	29
1952	0	0	1	37	29	26
1981	0	0	1	38	31	28
1977	0	0	1	39	31	24
1966	0	0	1	40	30	31
1948	0	0	1	41	30	25
1927	0	0	1	42	30	18
1973	0	0	1	43	31	20
1958	0	0	1	44	29	28
-1		0	0	1	45	-1	-1
1944	0	0	1	46	28	23
1931	0	0	1	47	29	19
1969	0	0	1	48	31	16
1954	0	0	1	49	30	27
1940	0	0	1	50	29	22
1983	0	0	1	51	31	30
1935	0	0	1	52	28	20
1950	0	0	1	53	28	25
1946	0	0	1	54	29	24
1939	0	0	1	55	30	22
-1		0	0	1	56	-1	-1
1979	0	0	1	57	31	26
1932	0	0	1	58	28	19
1942	0	0	1	59	30	23
1943	0	0	1	60	29	23
1975	0	0	1	61	31	22
1924	0	0	1	62	30	17
1938	0	0	1	63	28	21
1951	0	0	1	64	30	26
1971	0	0	1	65	31	18
1947	0	0	1	66	28	24
1928	0	0	1	67	29	18
394		0	0	2	0	30	35
444		0	0	2	1	31	43
429		0	0	2	2	28	46
398		0	0	2	3	29	36
419		0	0	2	4	29	43
448		0	0	2	5	31	47
425		0	0	2	6	29	45
390		0	0	2	7	28	33
423		0	0	2	8	28	44
440		0	0	2	9	31	39
421		0	0	2	10	30	44
-1		0	0	2	11	-1	-1
386		0	0	2	12	29	32
427		0	0	2	13	30	46
436		0	0	2	14	31	35
432		0	0	2	15	28	47
417		0	0	2	16	28	42
446		0	0	2	17	31	45
431		0	0	2	18	29	47
400		0	0	2	19	30	37
413		0	0	2	20	29	41
385		0	0	2	21	30	32
-1		0	0	2	22	-1	-1
442		0	0	2	23	31	41
428		0	0	2	24	29	46
409		0	0	2	25	30	40
389		0	0	2	26	29	33
438		0	0	2	27	31	37
424		0	0	2	28	30	45
405		0	0	2	29	28	38
393		0	0	2	30	28	34
397		0	0	2	31	30	36
401		0	0	2	32	29	37
420		0	0	2	33	28	43
434		0	0	2	34	31	33
387		0	0	2	35	28	32
426		0	0	2	36	28	45
416		0	0	2	37	29	42
445		0	0	2	38	31	44
441		0	0	2	39	31	40
430		0	0	2	40	30	47
412		0	0	2	41	30	41
391		0	0	2	42	30	34
437		0	0	2	43	31	36
422		0	0	2	44	29	44
-1		0	0	2	45	-1	-1
408		0	0	2	46	28	39
395		0	0	2	47	29	35
433		0	0	2	48	31	32
418		0	0	2	49	30	43
404		0	0	2	50	29	38
447		0	0	2	51	31	46
399		0	0	2	52	28	36
414		0	0	2	53	28	41
410		0	0	2	54	29	40
403		0	0	2	55	30	38
-1		0	0	2	56	-1	-1
443		0	0	2	57	31	42
396		0	0	2	58	28	35
406		0	0	2	59	30	39
407		0	0	2	60	29	39
439		0	0	2	61	31	38
388		0	0	2	62	30	33
402		0	0	2	63	28	37
415		0	0	2	64	30	42
435		0	0	2	65	31	34
411		0	0	2	66	28	40
392		0	0	2	67	29	34
458		0	0	3	0	30	51
508		0	0	3	1	31	59
493		0	0	3	2	28	62
462		0	0	3	3	29	52
483		0	0	3	4	29	59
512		0	0	3	5	31	63
489		0	0	3	6	29	61
454		0	0	3	7	28	49
487		0	0	3	8	28	60
504		0	0	3	9	31	55
485		0	0	3	10	30	60
-1		0	0	3	11	-1	-1
450		0	0	3	12	29	48
491		0	0	3	13	30	62
500		0	0	3	14	31	51
496		0	0	3	15	28	63
481		0	0	3	16	28	58
510		0	0	3	17	31	61
495		0	0	3	18	29	63
464		0	0	3	19	30	53
477		0	0	3	20	29	57
449		0	0	3	21	30	48
-1		0	0	3	22	-1	-1
506		0	0	3	23	31	57
492		0	0	3	24	29	62
473		0	0	3	25	30	56
453		0	0	3	26	29	49
502		0	0	3	27	31	53
488		0	0	3	28	30	61
469		0	0	3	29	28	54
457		0	0	3	30	28	50
461		0	0	3	31	30	52
465		0	0	3	32	29	53
484		0	0	3	33	28	59
498		0	0	3	34	31	49
451		0	0	3	35	28	48
490		0	0	3	36	28	61
480		0	0	3	37	29	58
509		0	0	3	38	31	60
505		0	0	3	39	31	56
494		0	0	3	40	30	63
476		0	0	3	41	30	57
455		0	0	3	42	30	50
501		0	0	3	43	31	52
486		0	0	3	44	29	60
-1		0	0	3	45	-1	-1
472		0	0	3	46	28	55
459		0	0	3	47	29	51
497		0	0	3	48	31	48
482		0	0	3	49	30	59
468		0	0	3	50	29	54
511		0	0	3	51	31	62
463		0	0	3	52	28	52
478		0	0	3	53	28	57
474		0	0	3	54	29	56
467		0	0	3	55	30	54
-1		0	0	3	56	-1	-1
507		0	0	3	57	31	58
460		0	0	3	58	28	51
470		0	0	3	59	30	55
471		0	0	3	60	29	55
503		0	0	3	61	31	54
452		0	0	3	62	30	49
466		0	0	3	63	28	53
479		0	0	3	64	30	58
499		0	0	3	65	31	50
475		0	0	3	66	28	56
456		0	0	3	67	29	50
1642	0	1	0	0	24	3
1708	0	1	0	1	25	9
1677	0	1	0	2	22	14
1646	0	1	0	3	23	4
1667	0	1	0	4	23	11
1712	0	1	0	5	26	10
1673	0	1	0	6	23	13
1638	0	1	0	7	22	1
1671	0	1	0	8	22	12
1704	0	1	0	9	27	7
1669	0	1	0	10	24	12
-1		0	1	0	11	-1	-1
1634	0	1	0	12	23	0
1675	0	1	0	13	24	14
1700	0	1	0	14	26	6
1680	0	1	0	15	22	15
1665	0	1	0	16	22	10
1696	0	1	0	17	25	5
1679	0	1	0	18	23	15
1648	0	1	0	19	24	5
1661	0	1	0	20	23	9
1633	0	1	0	21	24	0
-1		0	1	0	22	-1	-1
1692	0	1	0	23	27	3
1676	0	1	0	24	23	14
1657	0	1	0	25	24	8
1637	0	1	0	26	23	1
1688	0	1	0	27	26	2
1672	0	1	0	28	24	13
1653	0	1	0	29	22	6
1641	0	1	0	30	22	2
1645	0	1	0	31	24	4
1649	0	1	0	32	23	5
1668	0	1	0	33	22	11
1684	0	1	0	34	25	1
1635	0	1	0	35	22	0
1674	0	1	0	36	22	13
1664	0	1	0	37	23	10
1694	0	1	0	38	26	4
1690	0	1	0	39	25	3
1678	0	1	0	40	24	15
1660	0	1	0	41	24	9
1639	0	1	0	42	24	2
1686	0	1	0	43	27	1
1670	0	1	0	44	23	12
-1		0	1	0	45	-1	-1
1656	0	1	0	46	22	7
1643	0	1	0	47	23	3
1682	0	1	0	48	26	0
1666	0	1	0	49	24	11
1652	0	1	0	50	23	6
1728	0	1	0	51	27	15
1647	0	1	0	52	22	4
1662	0	1	0	53	22	9
1658	0	1	0	54	23	8
1651	0	1	0	55	24	6
-1		0	1	0	56	-1	-1
1724	0	1	0	57	26	14
1644	0	1	0	58	22	3
1654	0	1	0	59	24	7
1655	0	1	0	60	23	7
1720	0	1	0	61	25	13
1636	0	1	0	62	24	1
1650	0	1	0	63	22	5
1663	0	1	0	64	24	10
1716	0	1	0	65	27	11
1659	0	1	0	66	22	8
1640	0	1	0	67	23	2
1546	0	1	1	0	24	19
1612	0	1	1	1	25	25
1581	0	1	1	2	22	30
1550	0	1	1	3	23	20
1571	0	1	1	4	23	27
1616	0	1	1	5	26	26
1577	0	1	1	6	23	29
1542	0	1	1	7	22	17
1575	0	1	1	8	22	28
1608	0	1	1	9	27	23
1573	0	1	1	10	24	28
-1		0	1	1	11	-1	-1
1538	0	1	1	12	23	16
1579	0	1	1	13	24	30
1604	0	1	1	14	26	22
1584	0	1	1	15	22	31
1569	0	1	1	16	22	26
1600	0	1	1	17	25	21
1583	0	1	1	18	23	31
1552	0	1	1	19	24	21
1565	0	1	1	20	23	25
1537	0	1	1	21	24	16
-1		0	1	1	22	-1	-1
1596	0	1	1	23	27	19
1580	0	1	1	24	23	30
1561	0	1	1	25	24	24
1541	0	1	1	26	23	17
1592	0	1	1	27	26	18
1576	0	1	1	28	24	29
1557	0	1	1	29	22	22
1545	0	1	1	30	22	18
1549	0	1	1	31	24	20
1553	0	1	1	32	23	21
1572	0	1	1	33	22	27
1588	0	1	1	34	25	17
1539	0	1	1	35	22	16
1578	0	1	1	36	22	29
1568	0	1	1	37	23	26
1598	0	1	1	38	26	20
1594	0	1	1	39	25	19
1582	0	1	1	40	24	31
1564	0	1	1	41	24	25
1543	0	1	1	42	24	18
1590	0	1	1	43	27	17
1574	0	1	1	44	23	28
-1		0	1	1	45	-1	-1
1560	0	1	1	46	22	23
1547	0	1	1	47	23	19
1586	0	1	1	48	26	16
1570	0	1	1	49	24	27
1556	0	1	1	50	23	22
1632	0	1	1	51	27	31
1551	0	1	1	52	22	20
1566	0	1	1	53	22	25
1562	0	1	1	54	23	24
1555	0	1	1	55	24	22
-1		0	1	1	56	-1	-1
1628	0	1	1	57	26	30
1548	0	1	1	58	22	19
1558	0	1	1	59	24	23
1559	0	1	1	60	23	23
1624	0	1	1	61	25	29
1540	0	1	1	62	24	17
1554	0	1	1	63	22	21
1567	0	1	1	64	24	26
1620	0	1	1	65	27	27
1563	0	1	1	66	22	24
1544	0	1	1	67	23	18
219		0	1	2	0	22	40
249		0	1	2	1	27	34
276		0	1	2	2	27	43
223		0	1	2	3	24	42
286		0	1	2	4	25	47
253		0	1	2	5	25	36
280		0	1	2	6	25	45
215		0	1	2	7	23	39
282		0	1	2	8	27	45
245		0	1	2	9	26	33
284		0	1	2	10	26	46
-1		0	1	2	11	-1	-1
211		0	1	2	12	24	38
278		0	1	2	13	26	44
241		0	1	2	14	25	32
207		0	1	2	15	22	36
288		0	1	2	16	27	47
287		0	1	2	17	26	47
274		0	1	2	18	25	43
260		0	1	2	19	26	38
242		0	1	2	20	26	32
270		0	1	2	21	27	41
-1		0	1	2	22	-1	-1
283		0	1	2	23	25	46
203		0	1	2	24	23	35
246		0	1	2	25	27	33
266		0	1	2	26	26	40
279		0	1	2	27	27	44
199		0	1	2	28	24	34
250		0	1	2	29	25	35
262		0	1	2	30	25	39
258		0	1	2	31	27	37
254		0	1	2	32	26	36
195		0	1	2	33	22	32
275		0	1	2	34	26	43
271		0	1	2	35	25	42
201		0	1	2	36	22	34
244		0	1	2	37	25	33
285		0	1	2	38	27	46
281		0	1	2	39	26	45
205		0	1	2	40	24	36
248		0	1	2	41	26	34
267		0	1	2	42	27	40
277		0	1	2	43	25	44
197		0	1	2	44	23	33
-1		0	1	2	45	-1	-1
252		0	1	2	46	27	35
263		0	1	2	47	26	39
273		0	1	2	48	27	42
193		0	1	2	49	24	32
256		0	1	2	50	25	37
269		0	1	2	51	26	41
259		0	1	2	52	25	38
239		0	1	2	53	23	47
235		0	1	2	54	24	46
255		0	1	2	55	27	36
-1		0	1	2	56	-1	-1
265		0	1	2	57	25	40
264		0	1	2	58	27	39
231		0	1	2	59	22	44
251		0	1	2	60	26	35
261		0	1	2	61	27	38
272		0	1	2	62	26	42
227		0	1	2	63	23	43
243		0	1	2	64	27	32
257		0	1	2	65	26	37
247		0	1	2	66	25	34
268		0	1	2	67	25	41
106		0	1	3	0	24	51
172		0	1	3	1	25	57
141		0	1	3	2	22	62
110		0	1	3	3	23	52
131		0	1	3	4	23	59
176		0	1	3	5	26	58
137		0	1	3	6	23	61
102		0	1	3	7	22	49
135		0	1	3	8	22	60
168		0	1	3	9	27	55
133		0	1	3	10	24	60
-1		0	1	3	11	-1	-1
98		0	1	3	12	23	48
139		0	1	3	13	24	62
164		0	1	3	14	26	54
144		0	1	3	15	22	63
129		0	1	3	16	22	58
160		0	1	3	17	25	53
143		0	1	3	18	23	63
112		0	1	3	19	24	53
125		0	1	3	20	23	57
97		0	1	3	21	24	48
-1		0	1	3	22	-1	-1
156		0	1	3	23	27	51
140		0	1	3	24	23	62
121		0	1	3	25	24	56
101		0	1	3	26	23	49
152		0	1	3	27	26	50
136		0	1	3	28	24	61
117		0	1	3	29	22	54
105		0	1	3	30	22	50
109		0	1	3	31	24	52
113		0	1	3	32	23	53
132		0	1	3	33	22	59
148		0	1	3	34	25	49
99		0	1	3	35	22	48
138		0	1	3	36	22	61
128		0	1	3	37	23	58
158		0	1	3	38	26	52
154		0	1	3	39	25	51
142		0	1	3	40	24	63
124		0	1	3	41	24	57
103		0	1	3	42	24	50
150		0	1	3	43	27	49
134		0	1	3	44	23	60
-1		0	1	3	45	-1	-1
120		0	1	3	46	22	55
107		0	1	3	47	23	51
146		0	1	3	48	26	48
130		0	1	3	49	24	59
116		0	1	3	50	23	54
192		0	1	3	51	27	63
111		0	1	3	52	22	52
126		0	1	3	53	22	57
122		0	1	3	54	23	56
115		0	1	3	55	24	54
-1		0	1	3	56	-1	-1
188		0	1	3	57	26	62
108		0	1	3	58	22	51
118		0	1	3	59	24	55
119		0	1	3	60	23	55
184		0	1	3	61	25	61
100		0	1	3	62	24	49
114		0	1	3	63	22	53
127		0	1	3	64	24	58
180		0	1	3	65	27	59
123		0	1	3	66	22	56
104		0	1	3	67	23	50
1851	0	2	0	0	16	8
1881	0	2	0	1	21	2
1908	0	2	0	2	21	11
1855	0	2	0	3	18	10
1918	0	2	0	4	19	15
1885	0	2	0	5	19	4
1912	0	2	0	6	19	13
1847	0	2	0	7	17	7
1914	0	2	0	8	21	13
1877	0	2	0	9	20	1
1916	0	2	0	10	20	14
-1		0	2	0	11	-1	-1
1843	0	2	0	12	18	6
1910	0	2	0	13	20	12
1873	0	2	0	14	19	0
1839	0	2	0	15	16	4
1920	0	2	0	16	21	15
1919	0	2	0	17	20	15
1906	0	2	0	18	19	11
1892	0	2	0	19	20	6
1874	0	2	0	20	20	0
1902	0	2	0	21	21	9
-1		0	2	0	22	-1	-1
1915	0	2	0	23	19	14
1835	0	2	0	24	17	3
1878	0	2	0	25	21	1
1898	0	2	0	26	20	8
1911	0	2	0	27	21	12
1831	0	2	0	28	18	2
1882	0	2	0	29	19	3
1894	0	2	0	30	19	7
1890	0	2	0	31	21	5
1886	0	2	0	32	20	4
1827	0	2	0	33	16	0
1907	0	2	0	34	20	11
1903	0	2	0	35	19	10
1833	0	2	0	36	16	2
1876	0	2	0	37	19	1
1917	0	2	0	38	21	14
1913	0	2	0	39	20	13
1837	0	2	0	40	18	4
1880	0	2	0	41	20	2
1899	0	2	0	42	21	8
1909	0	2	0	43	19	12
1829	0	2	0	44	17	1
-1		0	2	0	45	-1	-1
1884	0	2	0	46	21	3
1895	0	2	0	47	20	7
1905	0	2	0	48	21	10
1825	0	2	0	49	18	0
1888	0	2	0	50	19	5
1901	0	2	0	51	20	9
1891	0	2	0	52	19	6
1871	0	2	0	53	17	15
1867	0	2	0	54	18	14
1887	0	2	0	55	21	4
-1		0	2	0	56	-1	-1
1897	0	2	0	57	19	8
1896	0	2	0	58	21	7
1863	0	2	0	59	16	12
1883	0	2	0	60	20	3
1893	0	2	0	61	21	6
1904	0	2	0	62	20	10
1859	0	2	0	63	17	11
1875	0	2	0	64	21	0
1889	0	2	0	65	20	5
1879	0	2	0	66	19	2
1900	0	2	0	67	19	9
1755	0	2	1	0	16	24
1785	0	2	1	1	21	18
1812	0	2	1	2	21	27
1759	0	2	1	3	18	26
1822	0	2	1	4	19	31
1789	0	2	1	5	19	20
1816	0	2	1	6	19	29
1751	0	2	1	7	17	23
1818	0	2	1	8	21	29
1781	0	2	1	9	20	17
1820	0	2	1	10	20	30
-1		0	2	1	11	-1	-1
1747	0	2	1	12	18	22
1814	0	2	1	13	20	28
1777	0	2	1	14	19	16
1743	0	2	1	15	16	20
1824	0	2	1	16	21	31
1823	0	2	1	17	20	31
1810	0	2	1	18	19	27
1796	0	2	1	19	20	22
1778	0	2	1	20	20	16
1806	0	2	1	21	21	25
-1		0	2	1	22	-1	-1
1819	0	2	1	23	19	30
1739	0	2	1	24	17	19
1782	0	2	1	25	21	17
1802	0	2	1	26	20	24
1815	0	2	1	27	21	28
1735	0	2	1	28	18	18
1786	0	2	1	29	19	19
1798	0	2	1	30	19	23
1794	0	2	1	31	21	21
1790	0	2	1	32	20	20
1731	0	2	1	33	16	16
1811	0	2	1	34	20	27
1807	0	2	1	35	19	26
1737	0	2	1	36	16	18
1780	0	2	1	37	19	17
1821	0	2	1	38	21	30
1817	0	2	1	39	20	29
1741	0	2	1	40	18	20
1784	0	2	1	41	20	18
1803	0	2	1	42	21	24
1813	0	2	1	43	19	28
1733	0	2	1	44	17	17
-1		0	2	1	45	-1	-1
1788	0	2	1	46	21	19
1799	0	2	1	47	20	23
1809	0	2	1	48	21	26
1729	0	2	1	49	18	16
1792	0	2	1	50	19	21
1805	0	2	1	51	20	25
1795	0	2	1	52	19	22
1775	0	2	1	53	17	31
1771	0	2	1	54	18	30
1791	0	2	1	55	21	20
-1		0	2	1	56	-1	-1
1801	0	2	1	57	19	24
1800	0	2	1	58	21	23
1767	0	2	1	59	16	28
1787	0	2	1	60	20	19
1797	0	2	1	61	21	22
1808	0	2	1	62	20	26
1763	0	2	1	63	17	27
1779	0	2	1	64	21	16
1793	0	2	1	65	20	21
1783	0	2	1	66	19	18
1804	0	2	1	67	19	25
10		0	2	2	0	18	35
76		0	2	2	1	19	41
45		0	2	2	2	16	46
14		0	2	2	3	17	36
35		0	2	2	4	17	43
80		0	2	2	5	20	42
41		0	2	2	6	17	45
6		0	2	2	7	16	33
39		0	2	2	8	16	44
72		0	2	2	9	21	39
37		0	2	2	10	18	44
-1		0	2	2	11	-1	-1
2		0	2	2	12	17	32
43		0	2	2	13	18	46
68		0	2	2	14	20	38
48		0	2	2	15	16	47
33		0	2	2	16	16	42
64		0	2	2	17	19	37
47		0	2	2	18	17	47
16		0	2	2	19	18	37
29		0	2	2	20	17	41
1		0	2	2	21	18	32
-1		0	2	2	22	-1	-1
60		0	2	2	23	21	35
44		0	2	2	24	17	46
25		0	2	2	25	18	40
5		0	2	2	26	17	33
56		0	2	2	27	20	34
40		0	2	2	28	18	45
21		0	2	2	29	16	38
9		0	2	2	30	16	34
13		0	2	2	31	18	36
17		0	2	2	32	17	37
36		0	2	2	33	16	43
52		0	2	2	34	19	33
3		0	2	2	35	16	32
42		0	2	2	36	16	45
32		0	2	2	37	17	42
62		0	2	2	38	20	36
58		0	2	2	39	19	35
46		0	2	2	40	18	47
28		0	2	2	41	18	41
7		0	2	2	42	18	34
54		0	2	2	43	21	33
38		0	2	2	44	17	44
-1		0	2	2	45	-1	-1
24		0	2	2	46	16	39
11		0	2	2	47	17	35
50		0	2	2	48	20	32
34		0	2	2	49	18	43
20		0	2	2	50	17	38
96		0	2	2	51	21	47
15		0	2	2	52	16	36
30		0	2	2	53	16	41
26		0	2	2	54	17	40
19		0	2	2	55	18	38
-1		0	2	2	56	-1	-1
92		0	2	2	57	20	46
12		0	2	2	58	16	35
22		0	2	2	59	18	39
23		0	2	2	60	17	39
88		0	2	2	61	19	45
4		0	2	2	62	18	33
18		0	2	2	63	16	37
31		0	2	2	64	18	42
84		0	2	2	65	21	43
27		0	2	2	66	16	40
8		0	2	2	67	17	34
315		0	2	3	0	16	56
345		0	2	3	1	21	50
372		0	2	3	2	21	59
319		0	2	3	3	18	58
382		0	2	3	4	19	63
349		0	2	3	5	19	52
376		0	2	3	6	19	61
311		0	2	3	7	17	55
378		0	2	3	8	21	61
341		0	2	3	9	20	49
380		0	2	3	10	20	62
-1		0	2	3	11	-1	-1
307		0	2	3	12	18	54
374		0	2	3	13	20	60
337		0	2	3	14	19	48
303		0	2	3	15	16	52
384		0	2	3	16	21	63
383		0	2	3	17	20	63
370		0	2	3	18	19	59
356		0	2	3	19	20	54
338		0	2	3	20	20	48
366		0	2	3	21	21	57
-1		0	2	3	22	-1	-1
379		0	2	3	23	19	62
299		0	2	3	24	17	51
342		0	2	3	25	21	49
362		0	2	3	26	20	56
375		0	2	3	27	21	60
295		0	2	3	28	18	50
346		0	2	3	29	19	51
358		0	2	3	30	19	55
354		0	2	3	31	21	53
350		0	2	3	32	20	52
291		0	2	3	33	16	48
371		0	2	3	34	20	59
367		0	2	3	35	19	58
297		0	2	3	36	16	50
340		0	2	3	37	19	49
381		0	2	3	38	21	62
377		0	2	3	39	20	61
301		0	2	3	40	18	52
344		0	2	3	41	20	50
363		0	2	3	42	21	56
373		0	2	3	43	19	60
293		0	2	3	44	17	49
-1		0	2	3	45	-1	-1
348		0	2	3	46	21	51
359		0	2	3	47	20	55
369		0	2	3	48	21	58
289		0	2	3	49	18	48
352		0	2	3	50	19	53
365		0	2	3	51	20	57
355		0	2	3	52	19	54
335		0	2	3	53	17	63
331		0	2	3	54	18	62
351		0	2	3	55	21	52
-1		0	2	3	56	-1	-1
361		0	2	3	57	19	56
360		0	2	3	58	21	55
327		0	2	3	59	16	60
347		0	2	3	60	20	51
357		0	2	3	61	21	54
368		0	2	3	62	20	58
323		0	2	3	63	17	59
339		0	2	3	64	21	48
353		0	2	3	65	20	53
343		0	2	3	66	19	50
364		0	2	3	67	19	57
1687	0	3	0	0	25	2
1832	0	3	0	1	17	2
1697	0	3	0	2	26	5
1683	0	3	0	3	27	0
1842	0	3	0	4	16	5
1828	0	3	0	5	18	1
1701	0	3	0	6	27	6
1691	0	3	0	7	26	3
1846	0	3	0	8	18	7
1836	0	3	0	9	16	3
1705	0	3	0	10	25	8
-1		0	3	0	11	-1	-1
1695	0	3	0	12	27	4
1850	0	3	0	13	17	8
1840	0	3	0	14	18	5
1699	0	3	0	15	25	6
1709	0	3	0	16	26	9
1844	0	3	0	17	17	6
1854	0	3	0	18	16	9
1681	0	3	0	19	25	0
1713	0	3	0	20	27	10
1858	0	3	0	21	18	11
-1		0	3	0	22	-1	-1
1848	0	3	0	23	16	7
1703	0	3	0	24	26	7
1717	0	3	0	25	25	12
1862	0	3	0	26	17	12
1852	0	3	0	27	18	9
1707	0	3	0	28	27	8
1721	0	3	0	29	26	13
1866	0	3	0	30	16	13
1870	0	3	0	31	18	15
1725	0	3	0	32	27	14
1711	0	3	0	33	25	10
1856	0	3	0	34	17	10
1860	0	3	0	35	16	11
1702	0	3	0	36	25	7
1715	0	3	0	37	26	11
1841	0	3	0	38	17	5
1845	0	3	0	39	16	6
1698	0	3	0	40	27	5
1719	0	3	0	41	27	12
1864	0	3	0	42	18	13
1849	0	3	0	43	18	8
1706	0	3	0	44	26	8
-1		0	3	0	45	-1	-1
1723	0	3	0	46	25	14
1868	0	3	0	47	17	14
1853	0	3	0	48	17	9
1710	0	3	0	49	27	9
1727	0	3	0	50	26	15
1857	0	3	0	51	16	10
1872	0	3	0	52	16	15
1714	0	3	0	53	25	11
1718	0	3	0	54	26	12
1826	0	3	0	55	17	0
-1		0	3	0	56	-1	-1
1861	0	3	0	57	18	12
1685	0	3	0	58	26	1
1722	0	3	0	59	27	13
1830	0	3	0	60	16	1
1865	0	3	0	61	17	13
1693	0	3	0	62	25	4
1726	0	3	0	63	25	15
1838	0	3	0	64	17	4
1869	0	3	0	65	16	14
1834	0	3	0	66	18	3
1689	0	3	0	67	27	2
1591	0	3	1	0	25	18
1736	0	3	1	1	17	18
1601	0	3	1	2	26	21
1587	0	3	1	3	27	16
1746	0	3	1	4	16	21
1732	0	3	1	5	18	17
1605	0	3	1	6	27	22
1595	0	3	1	7	26	19
1750	0	3	1	8	18	23
1740	0	3	1	9	16	19
1609	0	3	1	10	25	24
-1		0	3	1	11	-1	-1
1599	0	3	1	12	27	20
1754	0	3	1	13	17	24
1744	0	3	1	14	18	21
1603	0	3	1	15	25	22
1613	0	3	1	16	26	25
1748	0	3	1	17	17	22
1758	0	3	1	18	16	25
1585	0	3	1	19	25	16
1617	0	3	1	20	27	26
1762	0	3	1	21	18	27
-1		0	3	1	22	-1	-1
1752	0	3	1	23	16	23
1607	0	3	1	24	26	23
1621	0	3	1	25	25	28
1766	0	3	1	26	17	28
1756	0	3	1	27	18	25
1611	0	3	1	28	27	24
1625	0	3	1	29	26	29
1770	0	3	1	30	16	29
1774	0	3	1	31	18	31
1629	0	3	1	32	27	30
1615	0	3	1	33	25	26
1760	0	3	1	34	17	26
1764	0	3	1	35	16	27
1606	0	3	1	36	25	23
1619	0	3	1	37	26	27
1745	0	3	1	38	17	21
1749	0	3	1	39	16	22
1602	0	3	1	40	27	21
1623	0	3	1	41	27	28
1768	0	3	1	42	18	29
1753	0	3	1	43	18	24
1610	0	3	1	44	26	24
-1		0	3	1	45	-1	-1
1627	0	3	1	46	25	30
1772	0	3	1	47	17	30
1757	0	3	1	48	17	25
1614	0	3	1	49	27	25
1631	0	3	1	50	26	31
1761	0	3	1	51	16	26
1776	0	3	1	52	16	31
1618	0	3	1	53	25	27
1622	0	3	1	54	26	28
1730	0	3	1	55	17	16
-1		0	3	1	56	-1	-1
1765	0	3	1	57	18	28
1589	0	3	1	58	26	17
1626	0	3	1	59	27	29
1734	0	3	1	60	16	17
1769	0	3	1	61	17	29
1597	0	3	1	62	25	20
1630	0	3	1	63	25	31
1742	0	3	1	64	17	20
1773	0	3	1	65	16	30
1738	0	3	1	66	18	19
1593	0	3	1	67	27	18
55		0	3	2	0	19	34
200		0	3	2	1	23	34
65		0	3	2	2	20	37
51		0	3	2	3	21	32
210		0	3	2	4	22	37
196		0	3	2	5	24	33
69		0	3	2	6	21	38
59		0	3	2	7	20	35
214		0	3	2	8	24	39
204		0	3	2	9	22	35
73		0	3	2	10	19	40
-1		0	3	2	11	-1	-1
63		0	3	2	12	21	36
218		0	3	2	13	23	40
208		0	3	2	14	24	37
67		0	3	2	15	19	38
77		0	3	2	16	20	41
212		0	3	2	17	23	38
222		0	3	2	18	22	41
49		0	3	2	19	19	32
81		0	3	2	20	21	42
226		0	3	2	21	24	43
-1		0	3	2	22	-1	-1
216		0	3	2	23	22	39
71		0	3	2	24	20	39
85		0	3	2	25	19	44
230		0	3	2	26	23	44
220		0	3	2	27	24	41
75		0	3	2	28	21	40
89		0	3	2	29	20	45
234		0	3	2	30	22	45
238		0	3	2	31	24	47
93		0	3	2	32	21	46
79		0	3	2	33	19	42
224		0	3	2	34	23	42
228		0	3	2	35	22	43
70		0	3	2	36	19	39
83		0	3	2	37	20	43
209		0	3	2	38	23	37
213		0	3	2	39	22	38
66		0	3	2	40	21	37
87		0	3	2	41	21	44
232		0	3	2	42	24	45
217		0	3	2	43	24	40
74		0	3	2	44	20	40
-1		0	3	2	45	-1	-1
91		0	3	2	46	19	46
236		0	3	2	47	23	46
221		0	3	2	48	23	41
78		0	3	2	49	21	41
95		0	3	2	50	20	47
225		0	3	2	51	22	42
240		0	3	2	52	22	47
82		0	3	2	53	19	43
86		0	3	2	54	20	44
194		0	3	2	55	23	32
-1		0	3	2	56	-1	-1
229		0	3	2	57	24	44
53		0	3	2	58	20	33
90		0	3	2	59	21	45
198		0	3	2	60	22	33
233		0	3	2	61	23	45
61		0	3	2	62	19	36
94		0	3	2	63	19	47
206		0	3	2	64	23	36
237		0	3	2	65	22	46
202		0	3	2	66	24	35
57		0	3	2	67	21	34
151		0	3	3	0	25	50
296		0	3	3	1	17	50
161		0	3	3	2	26	53
147		0	3	3	3	27	48
306		0	3	3	4	16	53
292		0	3	3	5	18	49
165		0	3	3	6	27	54
155		0	3	3	7	26	51
310		0	3	3	8	18	55
300		0	3	3	9	16	51
169		0	3	3	10	25	56
-1		0	3	3	11	-1	-1
159		0	3	3	12	27	52
314		0	3	3	13	17	56
304		0	3	3	14	18	53
163		0	3	3	15	25	54
173		0	3	3	16	26	57
308		0	3	3	17	17	54
318		0	3	3	18	16	57
145		0	3	3	19	25	48
177		0	3	3	20	27	58
322		0	3	3	21	18	59
-1		0	3	3	22	-1	-1
312		0	3	3	23	16	55
167		0	3	3	24	26	55
181		0	3	3	25	25	60
326		0	3	3	26	17	60
316		0	3	3	27	18	57
171		0	3	3	28	27	56
185		0	3	3	29	26	61
330		0	3	3	30	16	61
334		0	3	3	31	18	63
189		0	3	3	32	27	62
175		0	3	3	33	25	58
320		0	3	3	34	17	58
324		0	3	3	35	16	59
166		0	3	3	36	25	55
179		0	3	3	37	26	59
305		0	3	3	38	17	53
309		0	3	3	39	16	54
162		0	3	3	40	27	53
183		0	3	3	41	27	60
328		0	3	3	42	18	61
313		0	3	3	43	18	56
170		0	3	3	44	26	56
-1		0	3	3	45	-1	-1
187		0	3	3	46	25	62
332		0	3	3	47	17	62
317		0	3	3	48	17	57
174		0	3	3	49	27	57
191		0	3	3	50	26	63
321		0	3	3	51	16	58
336		0	3	3	52	16	63
178		0	3	3	53	25	59
182		0	3	3	54	26	60
290		0	3	3	55	17	48
-1		0	3	3	56	-1	-1
325		0	3	3	57	18	60
149		0	3	3	58	26	49
186		0	3	3	59	27	61
294		0	3	3	60	16	49
329		0	3	3	61	17	61
157		0	3	3	62	25	52
190		0	3	3	63	25	63
302		0	3	3	64	17	52
333		0	3	3	65	16	62
298		0	3	3	66	18	51
153		0	3	3	67	27	50
1322	1	0	0	0	12	3
1388	1	0	0	1	13	9
1357	1	0	0	2	10	14
1326	1	0	0	3	11	4
1347	1	0	0	4	11	11
1392	1	0	0	5	14	10
1353	1	0	0	6	11	13
1318	1	0	0	7	10	1
1351	1	0	0	8	10	12
1384	1	0	0	9	15	7
1349	1	0	0	10	12	12
-1		1	0	0	11	-1	-1
1314	1	0	0	12	11	0
1355	1	0	0	13	12	14
1380	1	0	0	14	14	6
1360	1	0	0	15	10	15
1345	1	0	0	16	10	10
1376	1	0	0	17	13	5
1359	1	0	0	18	11	15
1328	1	0	0	19	12	5
1341	1	0	0	20	11	9
1313	1	0	0	21	12	0
-1		1	0	0	22	-1	-1
1372	1	0	0	23	15	3
1356	1	0	0	24	11	14
1337	1	0	0	25	12	8
1317	1	0	0	26	11	1
1368	1	0	0	27	14	2
1352	1	0	0	28	12	13
1333	1	0	0	29	10	6
1321	1	0	0	30	10	2
1325	1	0	0	31	12	4
1329	1	0	0	32	11	5
1348	1	0	0	33	10	11
1364	1	0	0	34	13	1
1315	1	0	0	35	10	0
1354	1	0	0	36	10	13
1344	1	0	0	37	11	10
1374	1	0	0	38	14	4
1370	1	0	0	39	13	3
1358	1	0	0	40	12	15
1340	1	0	0	41	12	9
1319	1	0	0	42	12	2
1366	1	0	0	43	15	1
1350	1	0	0	44	11	12
-1		1	0	0	45	-1	-1
1336	1	0	0	46	10	7
1323	1	0	0	47	11	3
1362	1	0	0	48	14	0
1346	1	0	0	49	12	11
1332	1	0	0	50	11	6
1408	1	0	0	51	15	15
1327	1	0	0	52	10	4
1342	1	0	0	53	10	9
1338	1	0	0	54	11	8
1331	1	0	0	55	12	6
-1		1	0	0	56	-1	-1
1404	1	0	0	57	14	14
1324	1	0	0	58	10	3
1334	1	0	0	59	12	7
1335	1	0	0	60	11	7
1400	1	0	0	61	13	13
1316	1	0	0	62	12	1
1330	1	0	0	63	10	5
1343	1	0	0	64	12	10
1396	1	0	0	65	15	11
1339	1	0	0	66	10	8
1320	1	0	0	67	11	2
1226	1	0	1	0	12	19
1292	1	0	1	1	13	25
1261	1	0	1	2	10	30
1230	1	0	1	3	11	20
1251	1	0	1	4	11	27
1296	1	0	1	5	14	26
1257	1	0	1	6	11	29
1222	1	0	1	7	10	17
1255	1	0	1	8	10	28
1288	1	0	1	9	15	23
1253	1	0	1	10	12	28
-1		1	0	1	11	-1	-1
1218	1	0	1	12	11	16
1259	1	0	1	13	12	30
1284	1	0	1	14	14	22
1264	1	0	1	15	10	31
1249	1	0	1	16	10	26
1280	1	0	1	17	13	21
1263	1	0	1	18	11	31
1232	1	0	1	19	12	21
1245	1	0	1	20	11	25
1217	1	0	1	21	12	16
-1		1	0	1	22	-1	-1
1276	1	0	1	23	15	19
1260	1	0	1	24	11	30
1241	1	0	1	25	12	24
1221	1	0	1	26	11	17
1272	1	0	1	27	14	18
1256	1	0	1	28	12	29
1237	1	0	1	29	10	22
1225	1	0	1	30	10	18
1229	1	0	1	31	12	20
1233	1	0	1	32	11	21
1252	1	0	1	33	10	27
1268	1	0	1	34	13	17
1219	1	0	1	35	10	16
1258	1	0	1	36	10	29
1248	1	0	1	37	11	26
1278	1	0	1	38	14	20
1274	1	0	1	39	13	19
1262	1	0	1	40	12	31
1244	1	0	1	41	12	25
1223	1	0	1	42	12	18
1270	1	0	1	43	15	17
1254	1	0	1	44	11	28
-1		1	0	1	45	-1	-1
1240	1	0	1	46	10	23
1227	1	0	1	47	11	19
1266	1	0	1	48	14	16
1250	1	0	1	49	12	27
1236	1	0	1	50	11	22
1312	1	0	1	51	15	31
1231	1	0	1	52	10	20
1246	1	0	1	53	10	25
1242	1	0	1	54	11	24
1235	1	0	1	55	12	22
-1		1	0	1	56	-1	-1
1308	1	0	1	57	14	30
1228	1	0	1	58	10	19
1238	1	0	1	59	12	23
1239	1	0	1	60	11	23
1304	1	0	1	61	13	29
1220	1	0	1	62	12	17
1234	1	0	1	63	10	21
1247	1	0	1	64	12	26
1300	1	0	1	65	15	27
1243	1	0	1	66	10	24
1224	1	0	1	67	11	18
539		1	0	2	0	10	40
569		1	0	2	1	15	34
596		1	0	2	2	15	43
543		1	0	2	3	12	42
606		1	0	2	4	13	47
573		1	0	2	5	13	36
600		1	0	2	6	13	45
535		1	0	2	7	11	39
602		1	0	2	8	15	45
565		1	0	2	9	14	33
604		1	0	2	10	14	46
-1		1	0	2	11	-1	-1
531		1	0	2	12	12	38
598		1	0	2	13	14	44
561		1	0	2	14	13	32
527		1	0	2	15	10	36
608		1	0	2	16	15	47
607		1	0	2	17	14	47
594		1	0	2	18	13	43
580		1	0	2	19	14	38
562		1	0	2	20	14	32
590		1	0	2	21	15	41
-1		1	0	2	22	-1	-1
603		1	0	2	23	13	46
523		1	0	2	24	11	35
566		1	0	2	25	15	33
586		1	0	2	26	14	40
599		1	0	2	27	15	44
519		1	0	2	28	12	34
570		1	0	2	29	13	35
582		1	0	2	30	13	39
578		1	0	2	31	15	37
574		1	0	2	32	14	36
515		1	0	2	33	10	32
595		1	0	2	34	14	43
591		1	0	2	35	13	42
521		1	0	2	36	10	34
564		1	0	2	37	13	33
605		1	0	2	38	15	46
601		1	0	2	39	14	45
525		1	0	2	40	12	36
568		1	0	2	41	14	34
587		1	0	2	42	15	40
597		1	0	2	43	13	44
517		1	0	2	44	11	33
-1		1	0	2	45	-1	-1
572		1	0	2	46	15	35
583		1	0	2	47	14	39
593		1	0	2	48	15	42
513		1	0	2	49	12	32
576		1	0	2	50	13	37
589		1	0	2	51	14	41
579		1	0	2	52	13	38
559		1	0	2	53	11	47
555		1	0	2	54	12	46
575		1	0	2	55	15	36
-1		1	0	2	56	-1	-1
585		1	0	2	57	13	40
584		1	0	2	58	15	39
551		1	0	2	59	10	44
571		1	0	2	60	14	35
581		1	0	2	61	15	38
592		1	0	2	62	14	42
547		1	0	2	63	11	43
563		1	0	2	64	15	32
577		1	0	2	65	14	37
567		1	0	2	66	13	34
588		1	0	2	67	13	41
810		1	0	3	0	12	51
876		1	0	3	1	13	57
845		1	0	3	2	10	62
814		1	0	3	3	11	52
835		1	0	3	4	11	59
880		1	0	3	5	14	58
841		1	0	3	6	11	61
806		1	0	3	7	10	49
839		1	0	3	8	10	60
872		1	0	3	9	15	55
837		1	0	3	10	12	60
-1		1	0	3	11	-1	-1
802		1	0	3	12	11	48
843		1	0	3	13	12	62
868		1	0	3	14	14	54
848		1	0	3	15	10	63
833		1	0	3	16	10	58
864		1	0	3	17	13	53
847		1	0	3	18	11	63
816		1	0	3	19	12	53
829		1	0	3	20	11	57
801		1	0	3	21	12	48
-1		1	0	3	22	-1	-1
860		1	0	3	23	15	51
844		1	0	3	24	11	62
825		1	0	3	25	12	56
805		1	0	3	26	11	49
856		1	0	3	27	14	50
840		1	0	3	28	12	61
821		1	0	3	29	10	54
809		1	0	3	30	10	50
813		1	0	3	31	12	52
817		1	0	3	32	11	53
836		1	0	3	33	10	59
852		1	0	3	34	13	49
803		1	0	3	35	10	48
842		1	0	3	36	10	61
832		1	0	3	37	11	58
862		1	0	3	38	14	52
858		1	0	3	39	13	51
846		1	0	3	40	12	63
828		1	0	3	41	12	57
807		1	0	3	42	12	50
854		1	0	3	43	15	49
838		1	0	3	44	11	60
-1		1	0	3	45	-1	-1
824		1	0	3	46	10	55
811		1	0	3	47	11	51
850		1	0	3	48	14	48
834		1	0	3	49	12	59
820		1	0	3	50	11	54
896		1	0	3	51	15	63
815		1	0	3	52	10	52
830		1	0	3	53	10	57
826		1	0	3	54	11	56
819		1	0	3	55	12	54
-1		1	0	3	56	-1	-1
892		1	0	3	57	14	62
812		1	0	3	58	10	51
822		1	0	3	59	12	55
823		1	0	3	60	11	55
888		1	0	3	61	13	61
804		1	0	3	62	12	49
818		1	0	3	63	10	53
831		1	0	3	64	12	58
884		1	0	3	65	15	59
827		1	0	3	66	10	56
808		1	0	3	67	11	50
1147	1	1	0	0	4	8
1177	1	1	0	1	9	2
1204	1	1	0	2	9	11
1151	1	1	0	3	6	10
1214	1	1	0	4	7	15
1181	1	1	0	5	7	4
1208	1	1	0	6	7	13
1143	1	1	0	7	5	7
1210	1	1	0	8	9	13
1173	1	1	0	9	8	1
1212	1	1	0	10	8	14
-1		1	1	0	11	-1	-1
1139	1	1	0	12	6	6
1206	1	1	0	13	8	12
1169	1	1	0	14	7	0
1135	1	1	0	15	4	4
1216	1	1	0	16	9	15
1215	1	1	0	17	8	15
1202	1	1	0	18	7	11
1188	1	1	0	19	8	6
1170	1	1	0	20	8	0
1198	1	1	0	21	9	9
-1		1	1	0	22	-1	-1
1211	1	1	0	23	7	14
1131	1	1	0	24	5	3
1174	1	1	0	25	9	1
1194	1	1	0	26	8	8
1207	1	1	0	27	9	12
1127	1	1	0	28	6	2
1178	1	1	0	29	7	3
1190	1	1	0	30	7	7
1186	1	1	0	31	9	5
1182	1	1	0	32	8	4
1123	1	1	0	33	4	0
1203	1	1	0	34	8	11
1199	1	1	0	35	7	10
1129	1	1	0	36	4	2
1172	1	1	0	37	7	1
1213	1	1	0	38	9	14
1209	1	1	0	39	8	13
1133	1	1	0	40	6	4
1176	1	1	0	41	8	2
1195	1	1	0	42	9	8
1205	1	1	0	43	7	12
1125	1	1	0	44	5	1
-1		1	1	0	45	-1	-1
1180	1	1	0	46	9	3
1191	1	1	0	47	8	7
1201	1	1	0	48	9	10
1121	1	1	0	49	6	0
1184	1	1	0	50	7	5
1197	1	1	0	51	8	9
1187	1	1	0	52	7	6
1167	1	1	0	53	5	15
1163	1	1	0	54	6	14
1183	1	1	0	55	9	4
-1		1	1	0	56	-1	-1
1193	1	1	0	57	7	8
1192	1	1	0	58	9	7
1159	1	1	0	59	4	12
1179	1	1	0	60	8	3
1189	1	1	0	61	9	6
1200	1	1	0	62	8	10
1155	1	1	0	63	5	11
1171	1	1	0	64	9	0
1185	1	1	0	65	8	5
1175	1	1	0	66	7	2
1196	1	1	0	67	7	9
1051	1	1	1	0	4	24
1081	1	1	1	1	9	18
1108	1	1	1	2	9	27
1055	1	1	1	3	6	26
1118	1	1	1	4	7	31
1085	1	1	1	5	7	20
1112	1	1	1	6	7	29
1047	1	1	1	7	5	23
1114	1	1	1	8	9	29
1077	1	1	1	9	8	17
1116	1	1	1	10	8	30
-1		1	1	1	11	-1	-1
1043	1	1	1	12	6	22
1110	1	1	1	13	8	28
1073	1	1	1	14	7	16
1039	1	1	1	15	4	20
1120	1	1	1	16	9	31
1119	1	1	1	17	8	31
1106	1	1	1	18	7	27
1092	1	1	1	19	8	22
1074	1	1	1	20	8	16
1102	1	1	1	21	9	25
-1		1	1	1	22	-1	-1
1115	1	1	1	23	7	30
1035	1	1	1	24	5	19
1078	1	1	1	25	9	17
1098	1	1	1	26	8	24
1111	1	1	1	27	9	28
1031	1	1	1	28	6	18
1082	1	1	1	29	7	19
1094	1	1	1	30	7	23
1090	1	1	1	31	9	21
1086	1	1	1	32	8	20
1027	1	1	1	33	4	16
1107	1	1	1	34	8	27
1103	1	1	1	35	7	26
1033	1	1	1	36	4	18
1076	1	1	1	37	7	17
1117	1	1	1	38	9	30
1113	1	1	1	39	8	29
1037	1	1	1	40	6	20
1080	1	1	1	41	8	18
1099	1	1	1	42	9	24
1109	1	1	1	43	7	28
1029	1	1	1	44	5	17
-1		1	1	1	45	-1	-1
1084	1	1	1	46	9	19
1095	1	1	1	47	8	23
1105	1	1	1	48	9	26
1025	1	1	1	49	6	16
1088	1	1	1	50	7	21
1101	1	1	1	51	8	25
1091	1	1	1	52	7	22
1071	1	1	1	53	5	31
1067	1	1	1	54	6	30
1087	1	1	1	55	9	20
-1		1	1	1	56	-1	-1
1097	1	1	1	57	7	24
1096	1	1	1	58	9	23
1063	1	1	1	59	4	28
1083	1	1	1	60	8	19
1093	1	1	1	61	9	22
1104	1	1	1	62	8	26
1059	1	1	1	63	5	27
1075	1	1	1	64	9	16
1089	1	1	1	65	8	21
1079	1	1	1	66	7	18
1100	1	1	1	67	7	25
759		1	1	2	0	7	34
520		1	1	2	1	11	34
769		1	1	2	2	8	37
755		1	1	2	3	9	32
530		1	1	2	4	10	37
516		1	1	2	5	12	33
773		1	1	2	6	9	38
763		1	1	2	7	8	35
534		1	1	2	8	12	39
524		1	1	2	9	10	35
777		1	1	2	10	7	40
-1		1	1	2	11	-1	-1
767		1	1	2	12	9	36
538		1	1	2	13	11	40
528		1	1	2	14	12	37
771		1	1	2	15	7	38
781		1	1	2	16	8	41
532		1	1	2	17	11	38
542		1	1	2	18	10	41
753		1	1	2	19	7	32
785		1	1	2	20	9	42
546		1	1	2	21	12	43
-1		1	1	2	22	-1	-1
536		1	1	2	23	10	39
775		1	1	2	24	8	39
789		1	1	2	25	7	44
550		1	1	2	26	11	44
540		1	1	2	27	12	41
779		1	1	2	28	9	40
793		1	1	2	29	8	45
554		1	1	2	30	10	45
558		1	1	2	31	12	47
797		1	1	2	32	9	46
783		1	1	2	33	7	42
544		1	1	2	34	11	42
548		1	1	2	35	10	43
774		1	1	2	36	7	39
787		1	1	2	37	8	43
529		1	1	2	38	11	37
533		1	1	2	39	10	38
770		1	1	2	40	9	37
791		1	1	2	41	9	44
552		1	1	2	42	12	45
537		1	1	2	43	12	40
778		1	1	2	44	8	40
-1		1	1	2	45	-1	-1
795		1	1	2	46	7	46
556		1	1	2	47	11	46
541		1	1	2	48	11	41
782		1	1	2	49	9	41
799		1	1	2	50	8	47
545		1	1	2	51	10	42
560		1	1	2	52	10	47
786		1	1	2	53	7	43
790		1	1	2	54	8	44
514		1	1	2	55	11	32
-1		1	1	2	56	-1	-1
549		1	1	2	57	12	44
757		1	1	2	58	8	33
794		1	1	2	59	9	45
518		1	1	2	60	10	33
553		1	1	2	61	11	45
765		1	1	2	62	7	36
798		1	1	2	63	7	47
526		1	1	2	64	11	36
557		1	1	2	65	10	46
522		1	1	2	66	12	35
761		1	1	2	67	9	34
855		1	1	3	0	13	50
616		1	1	3	1	5	50
865		1	1	3	2	14	53
851		1	1	3	3	15	48
626		1	1	3	4	4	53
612		1	1	3	5	6	49
869		1	1	3	6	15	54
859		1	1	3	7	14	51
630		1	1	3	8	6	55
620		1	1	3	9	4	51
873		1	1	3	10	13	56
-1		1	1	3	11	-1	-1
863		1	1	3	12	15	52
634		1	1	3	13	5	56
624		1	1	3	14	6	53
867		1	1	3	15	13	54
877		1	1	3	16	14	57
628		1	1	3	17	5	54
638		1	1	3	18	4	57
849		1	1	3	19	13	48
881		1	1	3	20	15	58
642		1	1	3	21	6	59
-1		1	1	3	22	-1	-1
632		1	1	3	23	4	55
871		1	1	3	24	14	55
885		1	1	3	25	13	60
646		1	1	3	26	5	60
636		1	1	3	27	6	57
875		1	1	3	28	15	56
889		1	1	3	29	14	61
650		1	1	3	30	4	61
654		1	1	3	31	6	63
893		1	1	3	32	15	62
879		1	1	3	33	13	58
640		1	1	3	34	5	58
644		1	1	3	35	4	59
870		1	1	3	36	13	55
883		1	1	3	37	14	59
625		1	1	3	38	5	53
629		1	1	3	39	4	54
866		1	1	3	40	15	53
887		1	1	3	41	15	60
648		1	1	3	42	6	61
633		1	1	3	43	6	56
874		1	1	3	44	14	56
-1		1	1	3	45	-1	-1
891		1	1	3	46	13	62
652		1	1	3	47	5	62
637		1	1	3	48	5	57
878		1	1	3	49	15	57
895		1	1	3	50	14	63
641		1	1	3	51	4	58
656		1	1	3	52	4	63
882		1	1	3	53	13	59
886		1	1	3	54	14	60
610		1	1	3	55	5	48
-1		1	1	3	56	-1	-1
645		1	1	3	57	6	60
853		1	1	3	58	14	49
890		1	1	3	59	15	61
614		1	1	3	60	4	49
649		1	1	3	61	5	61
861		1	1	3	62	13	52
894		1	1	3	63	13	63
622		1	1	3	64	5	52
653		1	1	3	65	4	62
618		1	1	3	66	6	51
857		1	1	3	67	15	50
1367	1	2	0	0	13	2
1128	1	2	0	1	5	2
1377	1	2	0	2	14	5
1363	1	2	0	3	15	0
1138	1	2	0	4	4	5
1124	1	2	0	5	6	1
1381	1	2	0	6	15	6
1371	1	2	0	7	14	3
1142	1	2	0	8	6	7
1132	1	2	0	9	4	3
1385	1	2	0	10	13	8
-1		1	2	0	11	-1	-1
1375	1	2	0	12	15	4
1146	1	2	0	13	5	8
1136	1	2	0	14	6	5
1379	1	2	0	15	13	6
1389	1	2	0	16	14	9
1140	1	2	0	17	5	6
1150	1	2	0	18	4	9
1361	1	2	0	19	13	0
1393	1	2	0	20	15	10
1154	1	2	0	21	6	11
-1		1	2	0	22	-1	-1
1144	1	2	0	23	4	7
1383	1	2	0	24	14	7
1397	1	2	0	25	13	12
1158	1	2	0	26	5	12
1148	1	2	0	27	6	9
1387	1	2	0	28	15	8
1401	1	2	0	29	14	13
1162	1	2	0	30	4	13
1166	1	2	0	31	6	15
1405	1	2	0	32	15	14
1391	1	2	0	33	13	10
1152	1	2	0	34	5	10
1156	1	2	0	35	4	11
1382	1	2	0	36	13	7
1395	1	2	0	37	14	11
1137	1	2	0	38	5	5
1141	1	2	0	39	4	6
1378	1	2	0	40	15	5
1399	1	2	0	41	15	12
1160	1	2	0	42	6	13
1145	1	2	0	43	6	8
1386	1	2	0	44	14	8
-1		1	2	0	45	-1	-1
1403	1	2	0	46	13	14
1164	1	2	0	47	5	14
1149	1	2	0	48	5	9
1390	1	2	0	49	15	9
1407	1	2	0	50	14	15
1153	1	2	0	51	4	10
1168	1	2	0	52	4	15
1394	1	2	0	53	13	11
1398	1	2	0	54	14	12
1122	1	2	0	55	5	0
-1		1	2	0	56	-1	-1
1157	1	2	0	57	6	12
1365	1	2	0	58	14	1
1402	1	2	0	59	15	13
1126	1	2	0	60	4	1
1161	1	2	0	61	5	13
1373	1	2	0	62	13	4
1406	1	2	0	63	13	15
1134	1	2	0	64	5	4
1165	1	2	0	65	4	14
1130	1	2	0	66	6	3
1369	1	2	0	67	15	2
1271	1	2	1	0	13	18
1032	1	2	1	1	5	18
1281	1	2	1	2	14	21
1267	1	2	1	3	15	16
1042	1	2	1	4	4	21
1028	1	2	1	5	6	17
1285	1	2	1	6	15	22
1275	1	2	1	7	14	19
1046	1	2	1	8	6	23
1036	1	2	1	9	4	19
1289	1	2	1	10	13	24
-1		1	2	1	11	-1	-1
1279	1	2	1	12	15	20
1050	1	2	1	13	5	24
1040	1	2	1	14	6	21
1283	1	2	1	15	13	22
1293	1	2	1	16	14	25
1044	1	2	1	17	5	22
1054	1	2	1	18	4	25
1265	1	2	1	19	13	16
1297	1	2	1	20	15	26
1058	1	2	1	21	6	27
-1		1	2	1	22	-1	-1
1048	1	2	1	23	4	23
1287	1	2	1	24	14	23
1301	1	2	1	25	13	28
1062	1	2	1	26	5	28
1052	1	2	1	27	6	25
1291	1	2	1	28	15	24
1305	1	2	1	29	14	29
1066	1	2	1	30	4	29
1070	1	2	1	31	6	31
1309	1	2	1	32	15	30
1295	1	2	1	33	13	26
1056	1	2	1	34	5	26
1060	1	2	1	35	4	27
1286	1	2	1	36	13	23
1299	1	2	1	37	14	27
1041	1	2	1	38	5	21
1045	1	2	1	39	4	22
1282	1	2	1	40	15	21
1303	1	2	1	41	15	28
1064	1	2	1	42	6	29
1049	1	2	1	43	6	24
1290	1	2	1	44	14	24
-1		1	2	1	45	-1	-1
1307	1	2	1	46	13	30
1068	1	2	1	47	5	30
1053	1	2	1	48	5	25
1294	1	2	1	49	15	25
1311	1	2	1	50	14	31
1057	1	2	1	51	4	26
1072	1	2	1	52	4	31
1298	1	2	1	53	13	27
1302	1	2	1	54	14	28
1026	1	2	1	55	5	16
-1		1	2	1	56	-1	-1
1061	1	2	1	57	6	28
1269	1	2	1	58	14	17
1306	1	2	1	59	15	29
1030	1	2	1	60	4	17
1065	1	2	1	61	5	29
1277	1	2	1	62	13	20
1310	1	2	1	63	13	31
1038	1	2	1	64	5	20
1069	1	2	1	65	4	30
1034	1	2	1	66	6	19
1273	1	2	1	67	15	18
714		1	2	2	0	6	35
780		1	2	2	1	7	41
749		1	2	2	2	4	46
718		1	2	2	3	5	36
739		1	2	2	4	5	43
784		1	2	2	5	8	42
745		1	2	2	6	5	45
710		1	2	2	7	4	33
743		1	2	2	8	4	44
776		1	2	2	9	9	39
741		1	2	2	10	6	44
-1		1	2	2	11	-1	-1
706		1	2	2	12	5	32
747		1	2	2	13	6	46
772		1	2	2	14	8	38
752		1	2	2	15	4	47
737		1	2	2	16	4	42
768		1	2	2	17	7	37
751		1	2	2	18	5	47
720		1	2	2	19	6	37
733		1	2	2	20	5	41
705		1	2	2	21	6	32
-1		1	2	2	22	-1	-1
764		1	2	2	23	9	35
748		1	2	2	24	5	46
729		1	2	2	25	6	40
709		1	2	2	26	5	33
760		1	2	2	27	8	34
744		1	2	2	28	6	45
725		1	2	2	29	4	38
713		1	2	2	30	4	34
717		1	2	2	31	6	36
721		1	2	2	32	5	37
740		1	2	2	33	4	43
756		1	2	2	34	7	33
707		1	2	2	35	4	32
746		1	2	2	36	4	45
736		1	2	2	37	5	42
766		1	2	2	38	8	36
762		1	2	2	39	7	35
750		1	2	2	40	6	47
732		1	2	2	41	6	41
711		1	2	2	42	6	34
758		1	2	2	43	9	33
742		1	2	2	44	5	44
-1		1	2	2	45	-1	-1
728		1	2	2	46	4	39
715		1	2	2	47	5	35
754		1	2	2	48	8	32
738		1	2	2	49	6	43
724		1	2	2	50	5	38
800		1	2	2	51	9	47
719		1	2	2	52	4	36
734		1	2	2	53	4	41
730		1	2	2	54	5	40
723		1	2	2	55	6	38
-1		1	2	2	56	-1	-1
796		1	2	2	57	8	46
716		1	2	2	58	4	35
726		1	2	2	59	6	39
727		1	2	2	60	5	39
792		1	2	2	61	7	45
708		1	2	2	62	6	33
722		1	2	2	63	4	37
735		1	2	2	64	6	42
788		1	2	2	65	9	43
731		1	2	2	66	4	40
712		1	2	2	67	5	34
635		1	2	3	0	4	56
665		1	2	3	1	9	50
692		1	2	3	2	9	59
639		1	2	3	3	6	58
702		1	2	3	4	7	63
669		1	2	3	5	7	52
696		1	2	3	6	7	61
631		1	2	3	7	5	55
698		1	2	3	8	9	61
661		1	2	3	9	8	49
700		1	2	3	10	8	62
-1		1	2	3	11	-1	-1
627		1	2	3	12	6	54
694		1	2	3	13	8	60
657		1	2	3	14	7	48
623		1	2	3	15	4	52
704		1	2	3	16	9	63
703		1	2	3	17	8	63
690		1	2	3	18	7	59
676		1	2	3	19	8	54
658		1	2	3	20	8	48
686		1	2	3	21	9	57
-1		1	2	3	22	-1	-1
699		1	2	3	23	7	62
619		1	2	3	24	5	51
662		1	2	3	25	9	49
682		1	2	3	26	8	56
695		1	2	3	27	9	60
615		1	2	3	28	6	50
666		1	2	3	29	7	51
678		1	2	3	30	7	55
674		1	2	3	31	9	53
670		1	2	3	32	8	52
611		1	2	3	33	4	48
691		1	2	3	34	8	59
687		1	2	3	35	7	58
617		1	2	3	36	4	50
660		1	2	3	37	7	49
701		1	2	3	38	9	62
697		1	2	3	39	8	61
621		1	2	3	40	6	52
664		1	2	3	41	8	50
683		1	2	3	42	9	56
693		1	2	3	43	7	60
613		1	2	3	44	5	49
-1		1	2	3	45	-1	-1
668		1	2	3	46	9	51
679		1	2	3	47	8	55
689		1	2	3	48	9	58
609		1	2	3	49	6	48
672		1	2	3	50	7	53
685		1	2	3	51	8	57
675		1	2	3	52	7	54
655		1	2	3	53	5	63
651		1	2	3	54	6	62
671		1	2	3	55	9	52
-1		1	2	3	56	-1	-1
681		1	2	3	57	7	56
680		1	2	3	58	9	55
647		1	2	3	59	4	60
667		1	2	3	60	8	51
677		1	2	3	61	9	54
688		1	2	3	62	8	58
643		1	2	3	63	5	59
659		1	2	3	64	9	48
673		1	2	3	65	8	53
663		1	2	3	66	7	50
684		1	2	3	67	7	57
1481	1	3	0	0	0	8
1497	1	3	0	1	3	2
1524	1	3	0	2	3	11
1485	1	3	0	3	0	12
1534	1	3	0	4	1	15
1501	1	3	0	5	1	4
1528	1	3	0	6	1	13
1477	1	3	0	7	0	4
1530	1	3	0	8	3	13
1493	1	3	0	9	2	1
1532	1	3	0	10	2	14
-1		1	3	0	11	-1	-1
1473	1	3	0	12	0	0
1526	1	3	0	13	2	12
1489	1	3	0	14	1	0
1487	1	3	0	15	0	14
1536	1	3	0	16	3	15
1535	1	3	0	17	2	15
1522	1	3	0	18	1	11
1508	1	3	0	19	2	6
1490	1	3	0	20	2	0
1518	1	3	0	21	3	9
-1		1	3	0	22	-1	-1
1531	1	3	0	23	1	14
1483	1	3	0	24	0	10
1494	1	3	0	25	3	1
1514	1	3	0	26	2	8
1527	1	3	0	27	3	12
1479	1	3	0	28	0	6
1498	1	3	0	29	1	3
1510	1	3	0	30	1	7
1506	1	3	0	31	3	5
1502	1	3	0	32	2	4
1475	1	3	0	33	0	2
1523	1	3	0	34	2	11
1519	1	3	0	35	1	10
1484	1	3	0	36	0	11
1492	1	3	0	37	1	1
1533	1	3	0	38	3	14
1529	1	3	0	39	2	13
1488	1	3	0	40	0	15
1496	1	3	0	41	2	2
1515	1	3	0	42	3	8
1525	1	3	0	43	1	12
1480	1	3	0	44	0	7
-1		1	3	0	45	-1	-1
1500	1	3	0	46	3	3
1511	1	3	0	47	2	7
1521	1	3	0	48	3	10
1476	1	3	0	49	0	3
1504	1	3	0	50	1	5
1517	1	3	0	51	2	9
1507	1	3	0	52	1	6
1486	1	3	0	53	0	13
1482	1	3	0	54	0	9
1503	1	3	0	55	3	4
-1		1	3	0	56	-1	-1
1513	1	3	0	57	1	8
1512	1	3	0	58	3	7
1478	1	3	0	59	0	5
1499	1	3	0	60	2	3
1509	1	3	0	61	3	6
1520	1	3	0	62	2	10
1474	1	3	0	63	0	1
1491	1	3	0	64	3	0
1505	1	3	0	65	2	5
1495	1	3	0	66	1	2
1516	1	3	0	67	1	9
1417	1	3	1	0	0	24
1433	1	3	1	1	3	18
1460	1	3	1	2	3	27
1421	1	3	1	3	0	28
1470	1	3	1	4	1	31
1437	1	3	1	5	1	20
1464	1	3	1	6	1	29
1413	1	3	1	7	0	20
1466	1	3	1	8	3	29
1429	1	3	1	9	2	17
1468	1	3	1	10	2	30
-1		1	3	1	11	-1	-1
1409	1	3	1	12	0	16
1462	1	3	1	13	2	28
1425	1	3	1	14	1	16
1423	1	3	1	15	0	30
1472	1	3	1	16	3	31
1471	1	3	1	17	2	31
1458	1	3	1	18	1	27
1444	1	3	1	19	2	22
1426	1	3	1	20	2	16
1454	1	3	1	21	3	25
-1		1	3	1	22	-1	-1
1467	1	3	1	23	1	30
1419	1	3	1	24	0	26
1430	1	3	1	25	3	17
1450	1	3	1	26	2	24
1463	1	3	1	27	3	28
1415	1	3	1	28	0	22
1434	1	3	1	29	1	19
1446	1	3	1	30	1	23
1442	1	3	1	31	3	21
1438	1	3	1	32	2	20
1411	1	3	1	33	0	18
1459	1	3	1	34	2	27
1455	1	3	1	35	1	26
1420	1	3	1	36	0	27
1428	1	3	1	37	1	17
1469	1	3	1	38	3	30
1465	1	3	1	39	2	29
1424	1	3	1	40	0	31
1432	1	3	1	41	2	18
1451	1	3	1	42	3	24
1461	1	3	1	43	1	28
1416	1	3	1	44	0	23
-1		1	3	1	45	-1	-1
1436	1	3	1	46	3	19
1447	1	3	1	47	2	23
1457	1	3	1	48	3	26
1412	1	3	1	49	0	19
1440	1	3	1	50	1	21
1453	1	3	1	51	2	25
1443	1	3	1	52	1	22
1422	1	3	1	53	0	29
1418	1	3	1	54	0	25
1439	1	3	1	55	3	20
-1		1	3	1	56	-1	-1
1449	1	3	1	57	1	24
1448	1	3	1	58	3	23
1414	1	3	1	59	0	21
1435	1	3	1	60	2	19
1445	1	3	1	61	3	22
1456	1	3	1	62	2	26
1410	1	3	1	63	0	17
1427	1	3	1	64	3	16
1441	1	3	1	65	2	21
1431	1	3	1	66	1	18
1452	1	3	1	67	1	25
905		1	3	2	0	0	40
921		1	3	2	1	3	34
948		1	3	2	2	3	43
909		1	3	2	3	0	44
958		1	3	2	4	1	47
925		1	3	2	5	1	36
952		1	3	2	6	1	45
901		1	3	2	7	0	36
954		1	3	2	8	3	45
917		1	3	2	9	2	33
956		1	3	2	10	2	46
-1		1	3	2	11	-1	-1
897		1	3	2	12	0	32
950		1	3	2	13	2	44
913		1	3	2	14	1	32
911		1	3	2	15	0	46
960		1	3	2	16	3	47
959		1	3	2	17	2	47
946		1	3	2	18	1	43
932		1	3	2	19	2	38
914		1	3	2	20	2	32
942		1	3	2	21	3	41
-1		1	3	2	22	-1	-1
955		1	3	2	23	1	46
907		1	3	2	24	0	42
918		1	3	2	25	3	33
938		1	3	2	26	2	40
951		1	3	2	27	3	44
903		1	3	2	28	0	38
922		1	3	2	29	1	35
934		1	3	2	30	1	39
930		1	3	2	31	3	37
926		1	3	2	32	2	36
899		1	3	2	33	0	34
947		1	3	2	34	2	43
943		1	3	2	35	1	42
908		1	3	2	36	0	43
916		1	3	2	37	1	33
957		1	3	2	38	3	46
953		1	3	2	39	2	45
912		1	3	2	40	0	47
920		1	3	2	41	2	34
939		1	3	2	42	3	40
949		1	3	2	43	1	44
904		1	3	2	44	0	39
-1		1	3	2	45	-1	-1
924		1	3	2	46	3	35
935		1	3	2	47	2	39
945		1	3	2	48	3	42
900		1	3	2	49	0	35
928		1	3	2	50	1	37
941		1	3	2	51	2	41
931		1	3	2	52	1	38
910		1	3	2	53	0	45
906		1	3	2	54	0	41
927		1	3	2	55	3	36
-1		1	3	2	56	-1	-1
937		1	3	2	57	1	40
936		1	3	2	58	3	39
902		1	3	2	59	0	37
923		1	3	2	60	2	35
933		1	3	2	61	3	38
944		1	3	2	62	2	42
898		1	3	2	63	0	33
915		1	3	2	64	3	32
929		1	3	2	65	2	37
919		1	3	2	66	1	34
940		1	3	2	67	1	41
969		1	3	3	0	0	56
985		1	3	3	1	3	50
1012	1	3	3	2	3	59
973		1	3	3	3	0	60
1022	1	3	3	4	1	63
989		1	3	3	5	1	52
1016	1	3	3	6	1	61
965		1	3	3	7	0	52
1018	1	3	3	8	3	61
981		1	3	3	9	2	49
1020	1	3	3	10	2	62
-1		1	3	3	11	-1	-1
961		1	3	3	12	0	48
1014	1	3	3	13	2	60
977		1	3	3	14	1	48
975		1	3	3	15	0	62
1024	1	3	3	16	3	63
1023	1	3	3	17	2	63
1010	1	3	3	18	1	59
996		1	3	3	19	2	54
978		1	3	3	20	2	48
1006	1	3	3	21	3	57
-1		1	3	3	22	-1	-1
1019	1	3	3	23	1	62
971		1	3	3	24	0	58
982		1	3	3	25	3	49
1002	1	3	3	26	2	56
1015	1	3	3	27	3	60
967		1	3	3	28	0	54
986		1	3	3	29	1	51
998		1	3	3	30	1	55
994		1	3	3	31	3	53
990		1	3	3	32	2	52
963		1	3	3	33	0	50
1011	1	3	3	34	2	59
1007	1	3	3	35	1	58
972		1	3	3	36	0	59
980		1	3	3	37	1	49
1021	1	3	3	38	3	62
1017	1	3	3	39	2	61
976		1	3	3	40	0	63
984		1	3	3	41	2	50
1003	1	3	3	42	3	56
1013	1	3	3	43	1	60
968		1	3	3	44	0	55
-1		1	3	3	45	-1	-1
988		1	3	3	46	3	51
999		1	3	3	47	2	55
1009	1	3	3	48	3	58
964		1	3	3	49	0	51
992		1	3	3	50	1	53
1005	1	3	3	51	2	57
995		1	3	3	52	1	54
974		1	3	3	53	0	61
970		1	3	3	54	0	57
991		1	3	3	55	3	52
-1		1	3	3	56	-1	-1
1001	1	3	3	57	1	56
1000	1	3	3	58	3	55
966		1	3	3	59	0	53
987		1	3	3	60	2	51
997		1	3	3	61	3	54
1008	1	3	3	62	2	58
962		1	3	3	63	0	49
979		1	3	3	64	3	48
993		1	3	3	65	2	53
983		1	3	3	66	1	50
1004	1	3	3	67	1	57
