type	cobo	asad	aget	chan	det	row	col	num	nom
0	0	0	0	0	-1	30	3	0	TPC
0	0	0	0	1	-1	31	11	0	TPC
0	0	0	0	2	-1	28	14	0	TPC
0	0	0	0	3	-1	29	4	0	TPC
0	0	0	0	4	-1	29	11	0	TPC
0	0	0	0	5	-1	31	15	0	TPC
0	0	0	0	6	-1	29	13	0	TPC
0	0	0	0	7	-1	28	1	0	TPC
0	0	0	0	8	-1	28	12	0	TPC
0	0	0	0	9	-1	31	7	0	TPC
0	0	0	0	10	-1	30	12	0	TPC
0	0	0	0	11	-1	-1	-1	0	TPC
0	0	0	0	12	-1	29	0	0	TPC
0	0	0	0	13	-1	30	14	0	TPC
0	0	0	0	14	-1	31	3	0	TPC
0	0	0	0	15	-1	28	15	0	TPC
0	0	0	0	16	-1	28	10	0	TPC
0	0	0	0	17	-1	31	13	0	TPC
0	0	0	0	18	-1	29	15	0	TPC
0	0	0	0	19	-1	30	5	0	TPC
0	0	0	0	20	-1	29	9	0	TPC
0	0	0	0	21	-1	30	0	0	TPC
0	0	0	0	22	-1	-1	-1	0	TPC
0	0	0	0	23	-1	31	9	0	TPC
0	0	0	0	24	-1	29	14	0	TPC
0	0	0	0	25	-1	30	8	0	TPC
0	0	0	0	26	-1	29	1	0	TPC
0	0	0	0	27	-1	31	5	0	TPC
0	0	0	0	28	-1	30	13	0	TPC
0	0	0	0	29	-1	28	6	0	TPC
0	0	0	0	30	-1	28	2	0	TPC
0	0	0	0	31	-1	30	4	0	TPC
0	0	0	0	32	-1	29	5	0	TPC
0	0	0	0	33	-1	28	11	0	TPC
0	0	0	0	34	-1	31	1	0	TPC
0	0	0	0	35	-1	28	0	0	TPC
0	0	0	0	36	-1	28	13	0	TPC
0	0	0	0	37	-1	29	10	0	TPC
0	0	0	0	38	-1	31	12	0	TPC
0	0	0	0	39	-1	31	8	0	TPC
0	0	0	0	40	-1	30	15	0	TPC
0	0	0	0	41	-1	30	9	0	TPC
0	0	0	0	42	-1	30	2	0	TPC
0	0	0	0	43	-1	31	4	0	TPC
0	0	0	0	44	-1	29	12	0	TPC
0	0	0	0	45	-1	-1	-1	0	TPC
0	0	0	0	46	-1	28	7	0	TPC
0	0	0	0	47	-1	29	3	0	TPC
0	0	0	0	48	-1	31	0	0	TPC
0	0	0	0	49	-1	30	11	0	TPC
0	0	0	0	50	-1	29	6	0	TPC
0	0	0	0	51	-1	31	14	0	TPC
0	0	0	0	52	-1	28	4	0	TPC
0	0	0	0	53	-1	28	9	0	TPC
0	0	0	0	54	-1	29	8	0	TPC
0	0	0	0	55	-1	30	6	0	TPC
0	0	0	0	56	-1	-1	-1	0	TPC
0	0	0	0	57	-1	31	10	0	TPC
0	0	0	0	58	-1	28	3	0	TPC
0	0	0	0	59	-1	30	7	0	TPC
0	0	0	0	60	-1	29	7	0	TPC
0	0	0	0	61	-1	31	6	0	TPC
0	0	0	0	62	-1	30	1	0	TPC
0	0	0	0	63	-1	28	5	0	TPC
0	0	0	0	64	-1	30	10	0	TPC
0	0	0	0	65	-1	31	2	0	TPC
0	0	0	0	66	-1	28	8	0	TPC
0	0	0	0	67	-1	29	2	0	TPC
0	0	0	1	0	-1	30	19	0	TPC
0	0	0	1	1	-1	31	27	0	TPC
0	0	0	1	2	-1	28	30	0	TPC
0	0	0	1	3	-1	29	20	0	TPC
0	0	0	1	4	-1	29	27	0	TPC
0	0	0	1	5	-1	31	31	0	TPC
0	0	0	1	6	-1	29	29	0	TPC
0	0	0	1	7	-1	28	17	0	TPC
0	0	0	1	8	-1	28	28	0	TPC
0	0	0	1	9	-1	31	23	0	TPC
0	0	0	1	10	-1	30	28	0	TPC
0	0	0	1	11	-1	-1	-1	0	TPC
0	0	0	1	12	-1	29	16	0	TPC
0	0	0	1	13	-1	30	30	0	TPC
0	0	0	1	14	-1	31	19	0	TPC
0	0	0	1	15	-1	28	31	0	TPC
0	0	0	1	16	-1	28	26	0	TPC
0	0	0	1	17	-1	31	29	0	TPC
0	0	0	1	18	-1	29	31	0	TPC
0	0	0	1	19	-1	30	21	0	TPC
0	0	0	1	20	-1	29	25	0	TPC
0	0	0	1	21	-1	30	16	0	TPC
0	0	0	1	22	-1	-1	-1	0	TPC
0	0	0	1	23	-1	31	25	0	TPC
0	0	0	1	24	-1	29	30	0	TPC
0	0	0	1	25	-1	30	24	0	TPC
0	0	0	1	26	-1	29	17	0	TPC
0	0	0	1	27	-1	31	21	0	TPC
0	0	0	1	28	-1	30	29	0	TPC
0	0	0	1	29	-1	28	22	0	TPC
0	0	0	1	30	-1	28	18	0	TPC
0	0	0	1	31	-1	30	20	0	TPC
0	0	0	1	32	-1	29	21	0	TPC
0	0	0	1	33	-1	28	27	0	TPC
0	0	0	1	34	-1	31	17	0	TPC
0	0	0	1	35	-1	28	16	0	TPC
0	0	0	1	36	-1	28	29	0	TPC
0	0	0	1	37	-1	29	26	0	TPC
0	0	0	1	38	-1	31	28	0	TPC
0	0	0	1	39	-1	31	24	0	TPC
0	0	0	1	40	-1	30	31	0	TPC
0	0	0	1	41	-1	30	25	0	TPC
0	0	0	1	42	-1	30	18	0	TPC
0	0	0	1	43	-1	31	20	0	TPC
0	0	0	1	44	-1	29	28	0	TPC
0	0	0	1	45	-1	-1	-1	0	TPC
0	0	0	1	46	-1	28	23	0	TPC
0	0	0	1	47	-1	29	19	0	TPC
0	0	0	1	48	-1	31	16	0	TPC
0	0	0	1	49	-1	30	27	0	TPC
0	0	0	1	50	-1	29	22	0	TPC
0	0	0	1	51	-1	31	30	0	TPC
0	0	0	1	52	-1	28	20	0	TPC
0	0	0	1	53	-1	28	25	0	TPC
0	0	0	1	54	-1	29	24	0	TPC
0	0	0	1	55	-1	30	22	0	TPC
0	0	0	1	56	-1	-1	-1	0	TPC
0	0	0	1	57	-1	31	26	0	TPC
0	0	0	1	58	-1	28	19	0	TPC
0	0	0	1	59	-1	30	23	0	TPC
0	0	0	1	60	-1	29	23	0	TPC
0	0	0	1	61	-1	31	22	0	TPC
0	0	0	1	62	-1	30	17	0	TPC
0	0	0	1	63	-1	28	21	0	TPC
0	0	0	1	64	-1	30	26	0	TPC
0	0	0	1	65	-1	31	18	0	TPC
0	0	0	1	66	-1	28	24	0	TPC
0	0	0	1	67	-1	29	18	0	TPC
0	0	0	2	0	-1	30	35	0	TPC
0	0	0	2	1	-1	31	43	0	TPC
0	0	0	2	2	-1	28	46	0	TPC
0	0	0	2	3	-1	29	36	0	TPC
0	0	0	2	4	-1	29	43	0	TPC
0	0	0	2	5	-1	31	47	0	TPC
0	0	0	2	6	-1	29	45	0	TPC
0	0	0	2	7	-1	28	33	0	TPC
0	0	0	2	8	-1	28	44	0	TPC
0	0	0	2	9	-1	31	39	0	TPC
0	0	0	2	10	-1	30	44	0	TPC
0	0	0	2	11	-1	-1	-1	0	TPC
0	0	0	2	12	-1	29	32	0	TPC
0	0	0	2	13	-1	30	46	0	TPC
0	0	0	2	14	-1	31	35	0	TPC
0	0	0	2	15	-1	28	47	0	TPC
0	0	0	2	16	-1	28	42	0	TPC
0	0	0	2	17	-1	31	45	0	TPC
0	0	0	2	18	-1	29	47	0	TPC
0	0	0	2	19	-1	30	37	0	TPC
0	0	0	2	20	-1	29	41	0	TPC
0	0	0	2	21	-1	30	32	0	TPC
0	0	0	2	22	-1	-1	-1	0	TPC
0	0	0	2	23	-1	31	41	0	TPC
0	0	0	2	24	-1	29	46	0	TPC
0	0	0	2	25	-1	30	40	0	TPC
0	0	0	2	26	-1	29	33	0	TPC
0	0	0	2	27	-1	31	37	0	TPC
0	0	0	2	28	-1	30	45	0	TPC
0	0	0	2	29	-1	28	38	0	TPC
0	0	0	2	30	-1	28	34	0	TPC
0	0	0	2	31	-1	30	36	0	TPC
0	0	0	2	32	-1	29	37	0	TPC
0	0	0	2	33	-1	28	43	0	TPC
0	0	0	2	34	-1	31	33	0	TPC
0	0	0	2	35	-1	28	32	0	TPC
0	0	0	2	36	-1	28	45	0	TPC
0	0	0	2	37	-1	29	42	0	TPC
0	0	0	2	38	-1	31	44	0	TPC
0	0	0	2	39	-1	31	40	0	TPC
0	0	0	2	40	-1	30	47	0	TPC
0	0	0	2	41	-1	30	41	0	TPC
0	0	0	2	42	-1	30	34	0	TPC
0	0	0	2	43	-1	31	36	0	TPC
0	0	0	2	44	-1	29	44	0	TPC
0	0	0	2	45	-1	-1	-1	0	TPC
0	0	0	2	46	-1	28	39	0	TPC
0	0	0	2	47	-1	29	35	0	TPC
0	0	0	2	48	-1	31	32	0	TPC
0	0	0	2	49	-1	30	43	0	TPC
0	0	0	2	50	-1	29	38	0	TPC
0	0	0	2	51	-1	31	46	0	TPC
0	0	0	2	52	-1	28	36	0	TPC
0	0	0	2	53	-1	28	41	0	TPC
0	0	0	2	54	-1	29	40	0	TPC
0	0	0	2	55	-1	30	38	0	TPC
0	0	0	2	56	-1	-1	-1	0	TPC
0	0	0	2	57	-1	31	42	0	TPC
0	0	0	2	58	-1	28	35	0	TPC
0	0	0	2	59	-1	30	39	0	TPC
0	0	0	2	60	-1	29	39	0	TPC
0	0	0	2	61	-1	31	38	0	TPC
0	0	0	2	62	-1	30	33	0	TPC
0	0	0	2	63	-1	28	37	0	TPC
0	0	0	2	64	-1	30	42	0	TPC
0	0	0	2	65	-1	31	34	0	TPC
0	0	0	2	66	-1	28	40	0	TPC
0	0	0	2	67	-1	29	34	0	TPC
0	0	0	3	0	-1	30	51	0	TPC
0	0	0	3	1	-1	31	59	0	TPC
0	0	0	3	2	-1	28	62	0	TPC
0	0	0	3	3	-1	29	52	0	TPC
0	0	0	3	4	-1	29	59	0	TPC
0	0	0	3	5	-1	31	63	0	TPC
0	0	0	3	6	-1	29	61	0	TPC
0	0	0	3	7	-1	28	49	0	TPC
0	0	0	3	8	-1	28	60	0	TPC
0	0	0	3	9	-1	31	55	0	TPC
0	0	0	3	10	-1	30	60	0	TPC
0	0	0	3	11	-1	-1	-1	0	TPC
0	0	0	3	12	-1	29	48	0	TPC
0	0	0	3	13	-1	30	62	0	TPC
0	0	0	3	14	-1	31	51	0	TPC
0	0	0	3	15	-1	28	63	0	TPC
0	0	0	3	16	-1	28	58	0	TPC
0	0	0	3	17	-1	31	61	0	TPC
0	0	0	3	18	-1	29	63	0	TPC
0	0	0	3	19	-1	30	53	0	TPC
0	0	0	3	20	-1	29	57	0	TPC
0	0	0	3	21	-1	30	48	0	TPC
0	0	0	3	22	-1	-1	-1	0	TPC
0	0	0	3	23	-1	31	57	0	TPC
0	0	0	3	24	-1	29	62	0	TPC
0	0	0	3	25	-1	30	56	0	TPC
0	0	0	3	26	-1	29	49	0	TPC
0	0	0	3	27	-1	31	53	0	TPC
0	0	0	3	28	-1	30	61	0	TPC
0	0	0	3	29	-1	28	54	0	TPC
0	0	0	3	30	-1	28	50	0	TPC
0	0	0	3	31	-1	30	52	0	TPC
0	0	0	3	32	-1	29	53	0	TPC
0	0	0	3	33	-1	28	59	0	TPC
0	0	0	3	34	-1	31	49	0	TPC
0	0	0	3	35	-1	28	48	0	TPC
0	0	0	3	36	-1	28	61	0	TPC
0	0	0	3	37	-1	29	58	0	TPC
0	0	0	3	38	-1	31	60	0	TPC
0	0	0	3	39	-1	31	56	0	TPC
0	0	0	3	40	-1	30	63	0	TPC
0	0	0	3	41	-1	30	57	0	TPC
0	0	0	3	42	-1	30	50	0	TPC
0	0	0	3	43	-1	31	52	0	TPC
0	0	0	3	44	-1	29	60	0	TPC
0	0	0	3	45	-1	-1	-1	0	TPC
0	0	0	3	46	-1	28	55	0	TPC
0	0	0	3	47	-1	29	51	0	TPC
0	0	0	3	48	-1	31	48	0	TPC
0	0	0	3	49	-1	30	59	0	TPC
0	0	0	3	50	-1	29	54	0	TPC
0	0	0	3	51	-1	31	62	0	TPC
0	0	0	3	52	-1	28	52	0	TPC
0	0	0	3	53	-1	28	57	0	TPC
0	0	0	3	54	-1	29	56	0	TPC
0	0	0	3	55	-1	30	54	0	TPC
0	0	0	3	56	-1	-1	-1	0	TPC
0	0	0	3	57	-1	31	58	0	TPC
0	0	0	3	58	-1	28	51	0	TPC
0	0	0	3	59	-1	30	55	0	TPC
0	0	0	3	60	-1	29	55	0	TPC
0	0	0	3	61	-1	31	54	0	TPC
0	0	0	3	62	-1	30	49	0	TPC
0	0	0	3	63	-1	28	53	0	TPC
0	0	0	3	64	-1	30	58	0	TPC
0	0	0	3	65	-1	31	50	0	TPC
0	0	0	3	66	-1	28	56	0	TPC
0	0	0	3	67	-1	29	50	0	TPC
0	0	1	0	0	-1	24	3	0	TPC
0	0	1	0	1	-1	25	9	0	TPC
0	0	1	0	2	-1	22	14	0	TPC
0	0	1	0	3	-1	23	4	0	TPC
0	0	1	0	4	-1	23	11	0	TPC
0	0	1	0	5	-1	26	10	0	TPC
0	0	1	0	6	-1	23	13	0	TPC
0	0	1	0	7	-1	22	1	0	TPC
0	0	1	0	8	-1	22	12	0	TPC
0	0	1	0	9	-1	27	7	0	TPC
0	0	1	0	10	-1	24	12	0	TPC
0	0	1	0	11	-1	-1	-1	0	TPC
0	0	1	0	12	-1	23	0	0	TPC
0	0	1	0	13	-1	24	14	0	TPC
0	0	1	0	14	-1	26	6	0	TPC
0	0	1	0	15	-1	22	15	0	TPC
0	0	1	0	16	-1	22	10	0	TPC
0	0	1	0	17	-1	25	5	0	TPC
0	0	1	0	18	-1	23	15	0	TPC
0	0	1	0	19	-1	24	5	0	TPC
0	0	1	0	20	-1	23	9	0	TPC
0	0	1	0	21	-1	24	0	0	TPC
0	0	1	0	22	-1	-1	-1	0	TPC
0	0	1	0	23	-1	27	3	0	TPC
0	0	1	0	24	-1	23	14	0	TPC
0	0	1	0	25	-1	24	8	0	TPC
0	0	1	0	26	-1	23	1	0	TPC
0	0	1	0	27	-1	26	2	0	TPC
0	0	1	0	28	-1	24	13	0	TPC
0	0	1	0	29	-1	22	6	0	TPC
0	0	1	0	30	-1	22	2	0	TPC
0	0	1	0	31	-1	24	4	0	TPC
0	0	1	0	32	-1	23	5	0	TPC
0	0	1	0	33	-1	22	11	0	TPC
0	0	1	0	34	-1	25	1	0	TPC
0	0	1	0	35	-1	22	0	0	TPC
0	0	1	0	36	-1	22	13	0	TPC
0	0	1	0	37	-1	23	10	0	TPC
0	0	1	0	38	-1	26	4	0	TPC
0	0	1	0	39	-1	25	3	0	TPC
0	0	1	0	40	-1	24	15	0	TPC
0	0	1	0	41	-1	24	9	0	TPC
0	0	1	0	42	-1	24	2	0	TPC
0	0	1	0	43	-1	27	1	0	TPC
0	0	1	0	44	-1	23	12	0	TPC
0	0	1	0	45	-1	-1	-1	0	TPC
0	0	1	0	46	-1	22	7	0	TPC
0	0	1	0	47	-1	23	3	0	TPC
0	0	1	0	48	-1	26	0	0	TPC
0	0	1	0	49	-1	24	11	0	TPC
0	0	1	0	50	-1	23	6	0	TPC
0	0	1	0	51	-1	27	15	0	TPC
0	0	1	0	52	-1	22	4	0	TPC
0	0	1	0	53	-1	22	9	0	TPC
0	0	1	0	54	-1	23	8	0	TPC
0	0	1	0	55	-1	24	6	0	TPC
0	0	1	0	56	-1	-1	-1	0	TPC
0	0	1	0	57	-1	26	14	0	TPC
0	0	1	0	58	-1	22	3	0	TPC
0	0	1	0	59	-1	24	7	0	TPC
0	0	1	0	60	-1	23	7	0	TPC
0	0	1	0	61	-1	25	13	0	TPC
0	0	1	0	62	-1	24	1	0	TPC
0	0	1	0	63	-1	22	5	0	TPC
0	0	1	0	64	-1	24	10	0	TPC
0	0	1	0	65	-1	27	11	0	TPC
0	0	1	0	66	-1	22	8	0	TPC
0	0	1	0	67	-1	23	2	0	TPC
0	0	1	1	0	-1	24	19	0	TPC
0	0	1	1	1	-1	25	25	0	TPC
0	0	1	1	2	-1	22	30	0	TPC
0	0	1	1	3	-1	23	20	0	TPC
0	0	1	1	4	-1	23	27	0	TPC
0	0	1	1	5	-1	26	26	0	TPC
0	0	1	1	6	-1	23	29	0	TPC
0	0	1	1	7	-1	22	17	0	TPC
0	0	1	1	8	-1	22	28	0	TPC
0	0	1	1	9	-1	27	23	0	TPC
0	0	1	1	10	-1	24	28	0	TPC
0	0	1	1	11	-1	-1	-1	0	TPC
0	0	1	1	12	-1	23	16	0	TPC
0	0	1	1	13	-1	24	30	0	TPC
0	0	1	1	14	-1	26	22	0	TPC
0	0	1	1	15	-1	22	31	0	TPC
0	0	1	1	16	-1	22	26	0	TPC
0	0	1	1	17	-1	25	21	0	TPC
0	0	1	1	18	-1	23	31	0	TPC
0	0	1	1	19	-1	24	21	0	TPC
0	0	1	1	20	-1	23	25	0	TPC
0	0	1	1	21	-1	24	16	0	TPC
0	0	1	1	22	-1	-1	-1	0	TPC
0	0	1	1	23	-1	27	19	0	TPC
0	0	1	1	24	-1	23	30	0	TPC
0	0	1	1	25	-1	24	24	0	TPC
0	0	1	1	26	-1	23	17	0	TPC
0	0	1	1	27	-1	26	18	0	TPC
0	0	1	1	28	-1	24	29	0	TPC
0	0	1	1	29	-1	22	22	0	TPC
0	0	1	1	30	-1	22	18	0	TPC
0	0	1	1	31	-1	24	20	0	TPC
0	0	1	1	32	-1	23	21	0	TPC
0	0	1	1	33	-1	22	27	0	TPC
0	0	1	1	34	-1	25	17	0	TPC
0	0	1	1	35	-1	22	16	0	TPC
0	0	1	1	36	-1	22	29	0	TPC
0	0	1	1	37	-1	23	26	0	TPC
0	0	1	1	38	-1	26	20	0	TPC
0	0	1	1	39	-1	25	19	0	TPC
0	0	1	1	40	-1	24	31	0	TPC
0	0	1	1	41	-1	24	25	0	TPC
0	0	1	1	42	-1	24	18	0	TPC
0	0	1	1	43	-1	27	17	0	TPC
0	0	1	1	44	-1	23	28	0	TPC
0	0	1	1	45	-1	-1	-1	0	TPC
0	0	1	1	46	-1	22	23	0	TPC
0	0	1	1	47	-1	23	19	0	TPC
0	0	1	1	48	-1	26	16	0	TPC
0	0	1	1	49	-1	24	27	0	TPC
0	0	1	1	50	-1	23	22	0	TPC
0	0	1	1	51	-1	27	31	0	TPC
0	0	1	1	52	-1	22	20	0	TPC
0	0	1	1	53	-1	22	25	0	TPC
0	0	1	1	54	-1	23	24	0	TPC
0	0	1	1	55	-1	24	22	0	TPC
0	0	1	1	56	-1	-1	-1	0	TPC
0	0	1	1	57	-1	26	30	0	TPC
0	0	1	1	58	-1	22	19	0	TPC
0	0	1	1	59	-1	24	23	0	TPC
0	0	1	1	60	-1	23	23	0	TPC
0	0	1	1	61	-1	25	29	0	TPC
0	0	1	1	62	-1	24	17	0	TPC
0	0	1	1	63	-1	22	21	0	TPC
0	0	1	1	64	-1	24	26	0	TPC
0	0	1	1	65	-1	27	27	0	TPC
0	0	1	1	66	-1	22	24	0	TPC
0	0	1	1	67	-1	23	18	0	TPC
0	0	1	2	0	-1	22	40	0	TPC
0	0	1	2	1	-1	27	34	0	TPC
0	0	1	2	2	-1	27	43	0	TPC
0	0	1	2	3	-1	24	42	0	TPC
0	0	1	2	4	-1	25	47	0	TPC
0	0	1	2	5	-1	25	36	0	TPC
0	0	1	2	6	-1	25	45	0	TPC
0	0	1	2	7	-1	23	39	0	TPC
0	0	1	2	8	-1	27	45	0	TPC
0	0	1	2	9	-1	26	33	0	TPC
0	0	1	2	10	-1	26	46	0	TPC
0	0	1	2	11	-1	-1	-1	0	TPC
0	0	1	2	12	-1	24	38	0	TPC
0	0	1	2	13	-1	26	44	0	TPC
0	0	1	2	14	-1	25	32	0	TPC
0	0	1	2	15	-1	22	36	0	TPC
0	0	1	2	16	-1	27	47	0	TPC
0	0	1	2	17	-1	26	47	0	TPC
0	0	1	2	18	-1	25	43	0	TPC
0	0	1	2	19	-1	26	38	0	TPC
0	0	1	2	20	-1	26	32	0	TPC
0	0	1	2	21	-1	27	41	0	TPC
0	0	1	2	22	-1	-1	-1	0	TPC
0	0	1	2	23	-1	25	46	0	TPC
0	0	1	2	24	-1	23	35	0	TPC
0	0	1	2	25	-1	27	33	0	TPC
0	0	1	2	26	-1	26	40	0	TPC
0	0	1	2	27	-1	27	44	0	TPC
0	0	1	2	28	-1	24	34	0	TPC
0	0	1	2	29	-1	25	35	0	TPC
0	0	1	2	30	-1	25	39	0	TPC
0	0	1	2	31	-1	27	37	0	TPC
0	0	1	2	32	-1	26	36	0	TPC
0	0	1	2	33	-1	22	32	0	TPC
0	0	1	2	34	-1	26	43	0	TPC
0	0	1	2	35	-1	25	42	0	TPC
0	0	1	2	36	-1	22	34	0	TPC
0	0	1	2	37	-1	25	33	0	TPC
0	0	1	2	38	-1	27	46	0	TPC
0	0	1	2	39	-1	26	45	0	TPC
0	0	1	2	40	-1	24	36	0	TPC
0	0	1	2	41	-1	26	34	0	TPC
0	0	1	2	42	-1	27	40	0	TPC
0	0	1	2	43	-1	25	44	0	TPC
0	0	1	2	44	-1	23	33	0	TPC
0	0	1	2	45	-1	-1	-1	0	TPC
0	0	1	2	46	-1	27	35	0	TPC
0	0	1	2	47	-1	26	39	0	TPC
0	0	1	2	48	-1	27	42	0	TPC
0	0	1	2	49	-1	24	32	0	TPC
0	0	1	2	50	-1	25	37	0	TPC
0	0	1	2	51	-1	26	41	0	TPC
0	0	1	2	52	-1	25	38	0	TPC
0	0	1	2	53	-1	23	47	0	TPC
0	0	1	2	54	-1	24	46	0	TPC
0	0	1	2	55	-1	27	36	0	TPC
0	0	1	2	56	-1	-1	-1	0	TPC
0	0	1	2	57	-1	25	40	0	TPC
0	0	1	2	58	-1	27	39	0	TPC
0	0	1	2	59	-1	22	44	0	TPC
0	0	1	2	60	-1	26	35	0	TPC
0	0	1	2	61	-1	27	38	0	TPC
0	0	1	2	62	-1	26	42	0	TPC
0	0	1	2	63	-1	23	43	0	TPC
0	0	1	2	64	-1	27	32	0	TPC
0	0	1	2	65	-1	26	37	0	TPC
0	0	1	2	66	-1	25	34	0	TPC
0	0	1	2	67	-1	25	41	0	TPC
0	0	1	3	0	-1	24	51	0	TPC
0	0	1	3	1	-1	25	57	0	TPC
0	0	1	3	2	-1	22	62	0	TPC
0	0	1	3	3	-1	23	52	0	TPC
0	0	1	3	4	-1	23	59	0	TPC
0	0	1	3	5	-1	26	58	0	TPC
0	0	1	3	6	-1	23	61	0	TPC
0	0	1	3	7	-1	22	49	0	TPC
0	0	1	3	8	-1	22	60	0	TPC
0	0	1	3	9	-1	27	55	0	TPC
0	0	1	3	10	-1	24	60	0	TPC
0	0	1	3	11	-1	-1	-1	0	TPC
0	0	1	3	12	-1	23	48	0	TPC
0	0	1	3	13	-1	24	62	0	TPC
0	0	1	3	14	-1	26	54	0	TPC
0	0	1	3	15	-1	22	63	0	TPC
0	0	1	3	16	-1	22	58	0	TPC
0	0	1	3	17	-1	25	53	0	TPC
0	0	1	3	18	-1	23	63	0	TPC
0	0	1	3	19	-1	24	53	0	TPC
0	0	1	3	20	-1	23	57	0	TPC
0	0	1	3	21	-1	24	48	0	TPC
0	0	1	3	22	-1	-1	-1	0	TPC
0	0	1	3	23	-1	27	51	0	TPC
0	0	1	3	24	-1	23	62	0	TPC
0	0	1	3	25	-1	24	56	0	TPC
0	0	1	3	26	-1	23	49	0	TPC
0	0	1	3	27	-1	26	50	0	TPC
0	0	1	3	28	-1	24	61	0	TPC
0	0	1	3	29	-1	22	54	0	TPC
0	0	1	3	30	-1	22	50	0	TPC
0	0	1	3	31	-1	24	52	0	TPC
0	0	1	3	32	-1	23	53	0	TPC
0	0	1	3	33	-1	22	59	0	TPC
0	0	1	3	34	-1	25	49	0	TPC
0	0	1	3	35	-1	22	48	0	TPC
0	0	1	3	36	-1	22	61	0	TPC
0	0	1	3	37	-1	23	58	0	TPC
0	0	1	3	38	-1	26	52	0	TPC
0	0	1	3	39	-1	25	51	0	TPC
0	0	1	3	40	-1	24	63	0	TPC
0	0	1	3	41	-1	24	57	0	TPC
0	0	1	3	42	-1	24	50	0	TPC
0	0	1	3	43	-1	27	49	0	TPC
0	0	1	3	44	-1	23	60	0	TPC
0	0	1	3	45	-1	-1	-1	0	TPC
0	0	1	3	46	-1	22	55	0	TPC
0	0	1	3	47	-1	23	51	0	TPC
0	0	1	3	48	-1	26	48	0	TPC
0	0	1	3	49	-1	24	59	0	TPC
0	0	1	3	50	-1	23	54	0	TPC
0	0	1	3	51	-1	27	63	0	TPC
0	0	1	3	52	-1	22	52	0	TPC
0	0	1	3	53	-1	22	57	0	TPC
0	0	1	3	54	-1	23	56	0	TPC
0	0	1	3	55	-1	24	54	0	TPC
0	0	1	3	56	-1	-1	-1	0	TPC
0	0	1	3	57	-1	26	62	0	TPC
0	0	1	3	58	-1	22	51	0	TPC
0	0	1	3	59	-1	24	55	0	TPC
0	0	1	3	60	-1	23	55	0	TPC
0	0	1	3	61	-1	25	61	0	TPC
0	0	1	3	62	-1	24	49	0	TPC
0	0	1	3	63	-1	22	53	0	TPC
0	0	1	3	64	-1	24	58	0	TPC
0	0	1	3	65	-1	27	59	0	TPC
0	0	1	3	66	-1	22	56	0	TPC
0	0	1	3	67	-1	23	50	0	TPC
0	0	3	0	0	-1	16	8	0	TPC
0	0	3	0	1	-1	21	2	0	TPC
0	0	3	0	2	-1	21	11	0	TPC
0	0	3	0	3	-1	18	10	0	TPC
0	0	3	0	4	-1	19	15	0	TPC
0	0	3	0	5	-1	19	4	0	TPC
0	0	3	0	6	-1	19	13	0	TPC
0	0	3	0	7	-1	17	7	0	TPC
0	0	3	0	8	-1	21	13	0	TPC
0	0	3	0	9	-1	20	1	0	TPC
0	0	3	0	10	-1	20	14	0	TPC
0	0	3	0	11	-1	-1	-1	0	TPC
0	0	3	0	12	-1	18	6	0	TPC
0	0	3	0	13	-1	20	12	0	TPC
0	0	3	0	14	-1	19	0	0	TPC
0	0	3	0	15	-1	16	4	0	TPC
0	0	3	0	16	-1	21	15	0	TPC
0	0	3	0	17	-1	20	15	0	TPC
0	0	3	0	18	-1	19	11	0	TPC
0	0	3	0	19	-1	20	6	0	TPC
0	0	3	0	20	-1	20	0	0	TPC
0	0	3	0	21	-1	21	9	0	TPC
0	0	3	0	22	-1	-1	-1	0	TPC
0	0	3	0	23	-1	19	14	0	TPC
0	0	3	0	24	-1	17	3	0	TPC
0	0	3	0	25	-1	21	1	0	TPC
0	0	3	0	26	-1	20	8	0	TPC
0	0	3	0	27	-1	21	12	0	TPC
0	0	3	0	28	-1	18	2	0	TPC
0	0	3	0	29	-1	19	3	0	TPC
0	0	3	0	30	-1	19	7	0	TPC
0	0	3	0	31	-1	21	5	0	TPC
0	0	3	0	32	-1	20	4	0	TPC
0	0	3	0	33	-1	16	0	0	TPC
0	0	3	0	34	-1	20	11	0	TPC
0	0	3	0	35	-1	19	10	0	TPC
0	0	3	0	36	-1	16	2	0	TPC
0	0	3	0	37	-1	19	1	0	TPC
0	0	3	0	38	-1	21	14	0	TPC
0	0	3	0	39	-1	20	13	0	TPC
0	0	3	0	40	-1	18	4	0	TPC
0	0	3	0	41	-1	20	2	0	TPC
0	0	3	0	42	-1	21	8	0	TPC
0	0	3	0	43	-1	19	12	0	TPC
0	0	3	0	44	-1	17	1	0	TPC
0	0	3	0	45	-1	-1	-1	0	TPC
0	0	3	0	46	-1	21	3	0	TPC
0	0	3	0	47	-1	20	7	0	TPC
0	0	3	0	48	-1	21	10	0	TPC
0	0	3	0	49	-1	18	0	0	TPC
0	0	3	0	50	-1	19	5	0	TPC
0	0	3	0	51	-1	20	9	0	TPC
0	0	3	0	52	-1	19	6	0	TPC
0	0	3	0	53	-1	17	15	0	TPC
0	0	3	0	54	-1	18	14	0	TPC
0	0	3	0	55	-1	21	4	0	TPC
0	0	3	0	56	-1	-1	-1	0	TPC
0	0	3	0	57	-1	19	8	0	TPC
0	0	3	0	58	-1	21	7	0	TPC
0	0	3	0	59	-1	16	12	0	TPC
0	0	3	0	60	-1	20	3	0	TPC
0	0	3	0	61	-1	21	6	0	TPC
0	0	3	0	62	-1	20	10	0	TPC
0	0	3	0	63	-1	17	11	0	TPC
0	0	3	0	64	-1	21	0	0	TPC
0	0	3	0	65	-1	20	5	0	TPC
0	0	3	0	66	-1	19	2	0	TPC
0	0	3	0	67	-1	19	9	0	TPC
0	0	3	1	0	-1	16	24	0	TPC
0	0	3	1	1	-1	21	18	0	TPC
0	0	3	1	2	-1	21	27	0	TPC
0	0	3	1	3	-1	18	26	0	TPC
0	0	3	1	4	-1	19	31	0	TPC
0	0	3	1	5	-1	19	20	0	TPC
0	0	3	1	6	-1	19	29	0	TPC
0	0	3	1	7	-1	17	23	0	TPC
0	0	3	1	8	-1	21	29	0	TPC
0	0	3	1	9	-1	20	17	0	TPC
0	0	3	1	10	-1	20	30	0	TPC
0	0	3	1	11	-1	-1	-1	0	TPC
0	0	3	1	12	-1	18	22	0	TPC
0	0	3	1	13	-1	20	28	0	TPC
0	0	3	1	14	-1	19	16	0	TPC
0	0	3	1	15	-1	16	20	0	TPC
0	0	3	1	16	-1	21	31	0	TPC
0	0	3	1	17	-1	20	31	0	TPC
0	0	3	1	18	-1	19	27	0	TPC
0	0	3	1	19	-1	20	22	0	TPC
0	0	3	1	20	-1	20	16	0	TPC
0	0	3	1	21	-1	21	25	0	TPC
0	0	3	1	22	-1	-1	-1	0	TPC
0	0	3	1	23	-1	19	30	0	TPC
0	0	3	1	24	-1	17	19	0	TPC
0	0	3	1	25	-1	21	17	0	TPC
0	0	3	1	26	-1	20	24	0	TPC
0	0	3	1	27	-1	21	28	0	TPC
0	0	3	1	28	-1	18	18	0	TPC
0	0	3	1	29	-1	19	19	0	TPC
0	0	3	1	30	-1	19	23	0	TPC
0	0	3	1	31	-1	21	21	0	TPC
0	0	3	1	32	-1	20	20	0	TPC
0	0	3	1	33	-1	16	16	0	TPC
0	0	3	1	34	-1	20	27	0	TPC
0	0	3	1	35	-1	19	26	0	TPC
0	0	3	1	36	-1	16	18	0	TPC
0	0	3	1	37	-1	19	17	0	TPC
0	0	3	1	38	-1	21	30	0	TPC
0	0	3	1	39	-1	20	29	0	TPC
0	0	3	1	40	-1	18	20	0	TPC
0	0	3	1	41	-1	20	18	0	TPC
0	0	3	1	42	-1	21	24	0	TPC
0	0	3	1	43	-1	19	28	0	TPC
0	0	3	1	44	-1	17	17	0	TPC
0	0	3	1	45	-1	-1	-1	0	TPC
0	0	3	1	46	-1	21	19	0	TPC
0	0	3	1	47	-1	20	23	0	TPC
0	0	3	1	48	-1	21	26	0	TPC
0	0	3	1	49	-1	18	16	0	TPC
0	0	3	1	50	-1	19	21	0	TPC
0	0	3	1	51	-1	20	25	0	TPC
0	0	3	1	52	-1	19	22	0	TPC
0	0	3	1	53	-1	17	31	0	TPC
0	0	3	1	54	-1	18	30	0	TPC
0	0	3	1	55	-1	21	20	0	TPC
0	0	3	1	56	-1	-1	-1	0	TPC
0	0	3	1	57	-1	19	24	0	TPC
0	0	3	1	58	-1	21	23	0	TPC
0	0	3	1	59	-1	16	28	0	TPC
0	0	3	1	60	-1	20	19	0	TPC
0	0	3	1	61	-1	21	22	0	TPC
0	0	3	1	62	-1	20	26	0	TPC
0	0	3	1	63	-1	17	27	0	TPC
0	0	3	1	64	-1	21	16	0	TPC
0	0	3	1	65	-1	20	21	0	TPC
0	0	3	1	66	-1	19	18	0	TPC
0	0	3	1	67	-1	19	25	0	TPC
0	0	3	2	0	-1	18	35	0	TPC
0	0	3	2	1	-1	19	41	0	TPC
0	0	3	2	2	-1	16	46	0	TPC
0	0	3	2	3	-1	17	36	0	TPC
0	0	3	2	4	-1	17	43	0	TPC
0	0	3	2	5	-1	20	42	0	TPC
0	0	3	2	6	-1	17	45	0	TPC
0	0	3	2	7	-1	16	33	0	TPC
0	0	3	2	8	-1	16	44	0	TPC
0	0	3	2	9	-1	21	39	0	TPC
0	0	3	2	10	-1	18	44	0	TPC
0	0	3	2	11	-1	-1	-1	0	TPC
0	0	3	2	12	-1	17	32	0	TPC
0	0	3	2	13	-1	18	46	0	TPC
0	0	3	2	14	-1	20	38	0	TPC
0	0	3	2	15	-1	16	47	0	TPC
0	0	3	2	16	-1	16	42	0	TPC
0	0	3	2	17	-1	19	37	0	TPC
0	0	3	2	18	-1	17	47	0	TPC
0	0	3	2	19	-1	18	37	0	TPC
0	0	3	2	20	-1	17	41	0	TPC
0	0	3	2	21	-1	18	32	0	TPC
0	0	3	2	22	-1	-1	-1	0	TPC
0	0	3	2	23	-1	21	35	0	TPC
0	0	3	2	24	-1	17	46	0	TPC
0	0	3	2	25	-1	18	40	0	TPC
0	0	3	2	26	-1	17	33	0	TPC
0	0	3	2	27	-1	20	34	0	TPC
0	0	3	2	28	-1	18	45	0	TPC
0	0	3	2	29	-1	16	38	0	TPC
0	0	3	2	30	-1	16	34	0	TPC
0	0	3	2	31	-1	18	36	0	TPC
0	0	3	2	32	-1	17	37	0	TPC
0	0	3	2	33	-1	16	43	0	TPC
0	0	3	2	34	-1	19	33	0	TPC
0	0	3	2	35	-1	16	32	0	TPC
0	0	3	2	36	-1	16	45	0	TPC
0	0	3	2	37	-1	17	42	0	TPC
0	0	3	2	38	-1	20	36	0	TPC
0	0	3	2	39	-1	19	35	0	TPC
0	0	3	2	40	-1	18	47	0	TPC
0	0	3	2	41	-1	18	41	0	TPC
0	0	3	2	42	-1	18	34	0	TPC
0	0	3	2	43	-1	21	33	0	TPC
0	0	3	2	44	-1	17	44	0	TPC
0	0	3	2	45	-1	-1	-1	0	TPC
0	0	3	2	46	-1	16	39	0	TPC
0	0	3	2	47	-1	17	35	0	TPC
0	0	3	2	48	-1	20	32	0	TPC
0	0	3	2	49	-1	18	43	0	TPC
0	0	3	2	50	-1	17	38	0	TPC
0	0	3	2	51	-1	21	47	0	TPC
0	0	3	2	52	-1	16	36	0	TPC
0	0	3	2	53	-1	16	41	0	TPC
0	0	3	2	54	-1	17	40	0	TPC
0	0	3	2	55	-1	18	38	0	TPC
0	0	3	2	56	-1	-1	-1	0	TPC
0	0	3	2	57	-1	20	46	0	TPC
0	0	3	2	58	-1	16	35	0	TPC
0	0	3	2	59	-1	18	39	0	TPC
0	0	3	2	60	-1	17	39	0	TPC
0	0	3	2	61	-1	19	45	0	TPC
0	0	3	2	62	-1	18	33	0	TPC
0	0	3	2	63	-1	16	37	0	TPC
0	0	3	2	64	-1	18	42	0	TPC
0	0	3	2	65	-1	21	43	0	TPC
0	0	3	2	66	-1	16	40	0	TPC
0	0	3	2	67	-1	17	34	0	TPC
0	0	3	3	0	-1	16	56	0	TPC
0	0	3	3	1	-1	21	50	0	TPC
0	0	3	3	2	-1	21	59	0	TPC
0	0	3	3	3	-1	18	58	0	TPC
0	0	3	3	4	-1	19	63	0	TPC
0	0	3	3	5	-1	19	52	0	TPC
0	0	3	3	6	-1	19	61	0	TPC
0	0	3	3	7	-1	17	55	0	TPC
0	0	3	3	8	-1	21	61	0	TPC
0	0	3	3	9	-1	20	49	0	TPC
0	0	3	3	10	-1	20	62	0	TPC
0	0	3	3	11	-1	-1	-1	0	TPC
0	0	3	3	12	-1	18	54	0	TPC
0	0	3	3	13	-1	20	60	0	TPC
0	0	3	3	14	-1	19	48	0	TPC
0	0	3	3	15	-1	16	52	0	TPC
0	0	3	3	16	-1	21	63	0	TPC
0	0	3	3	17	-1	20	63	0	TPC
0	0	3	3	18	-1	19	59	0	TPC
0	0	3	3	19	-1	20	54	0	TPC
0	0	3	3	20	-1	20	48	0	TPC
0	0	3	3	21	-1	21	57	0	TPC
0	0	3	3	22	-1	-1	-1	0	TPC
0	0	3	3	23	-1	19	62	0	TPC
0	0	3	3	24	-1	17	51	0	TPC
0	0	3	3	25	-1	21	49	0	TPC
0	0	3	3	26	-1	20	56	0	TPC
0	0	3	3	27	-1	21	60	0	TPC
0	0	3	3	28	-1	18	50	0	TPC
0	0	3	3	29	-1	19	51	0	TPC
0	0	3	3	30	-1	19	55	0	TPC
0	0	3	3	31	-1	21	53	0	TPC
0	0	3	3	32	-1	20	52	0	TPC
0	0	3	3	33	-1	16	48	0	TPC
0	0	3	3	34	-1	20	59	0	TPC
0	0	3	3	35	-1	19	58	0	TPC
0	0	3	3	36	-1	16	50	0	TPC
0	0	3	3	37	-1	19	49	0	TPC
0	0	3	3	38	-1	21	62	0	TPC
0	0	3	3	39	-1	20	61	0	TPC
0	0	3	3	40	-1	18	52	0	TPC
0	0	3	3	41	-1	20	50	0	TPC
0	0	3	3	42	-1	21	56	0	TPC
0	0	3	3	43	-1	19	60	0	TPC
0	0	3	3	44	-1	17	49	0	TPC
0	0	3	3	45	-1	-1	-1	0	TPC
0	0	3	3	46	-1	21	51	0	TPC
0	0	3	3	47	-1	20	55	0	TPC
0	0	3	3	48	-1	21	58	0	TPC
0	0	3	3	49	-1	18	48	0	TPC
0	0	3	3	50	-1	19	53	0	TPC
0	0	3	3	51	-1	20	57	0	TPC
0	0	3	3	52	-1	19	54	0	TPC
0	0	3	3	53	-1	17	63	0	TPC
0	0	3	3	54	-1	18	62	0	TPC
0	0	3	3	55	-1	21	52	0	TPC
0	0	3	3	56	-1	-1	-1	0	TPC
0	0	3	3	57	-1	19	56	0	TPC
0	0	3	3	58	-1	21	55	0	TPC
0	0	3	3	59	-1	16	60	0	TPC
0	0	3	3	60	-1	20	51	0	TPC
0	0	3	3	61	-1	21	54	0	TPC
0	0	3	3	62	-1	20	58	0	TPC
0	0	3	3	63	-1	17	59	0	TPC
0	0	3	3	64	-1	21	48	0	TPC
0	0	3	3	65	-1	20	53	0	TPC
0	0	3	3	66	-1	19	50	0	TPC
0	0	3	3	67	-1	19	57	0	TPC
0	0	2	0	0	-1	25	2	0	TPC
0	0	2	0	1	-1	17	2	0	TPC
0	0	2	0	2	-1	26	5	0	TPC
0	0	2	0	3	-1	27	0	0	TPC
0	0	2	0	4	-1	16	5	0	TPC
0	0	2	0	5	-1	18	1	0	TPC
0	0	2	0	6	-1	27	6	0	TPC
0	0	2	0	7	-1	26	3	0	TPC
0	0	2	0	8	-1	18	7	0	TPC
0	0	2	0	9	-1	16	3	0	TPC
0	0	2	0	10	-1	25	8	0	TPC
0	0	2	0	11	-1	-1	-1	0	TPC
0	0	2	0	12	-1	27	4	0	TPC
0	0	2	0	13	-1	17	8	0	TPC
0	0	2	0	14	-1	18	5	0	TPC
0	0	2	0	15	-1	25	6	0	TPC
0	0	2	0	16	-1	26	9	0	TPC
0	0	2	0	17	-1	17	6	0	TPC
0	0	2	0	18	-1	16	9	0	TPC
0	0	2	0	19	-1	25	0	0	TPC
0	0	2	0	20	-1	27	10	0	TPC
0	0	2	0	21	-1	18	11	0	TPC
0	0	2	0	22	-1	-1	-1	0	TPC
0	0	2	0	23	-1	16	7	0	TPC
0	0	2	0	24	-1	26	7	0	TPC
0	0	2	0	25	-1	25	12	0	TPC
0	0	2	0	26	-1	17	12	0	TPC
0	0	2	0	27	-1	18	9	0	TPC
0	0	2	0	28	-1	27	8	0	TPC
0	0	2	0	29	-1	26	13	0	TPC
0	0	2	0	30	-1	16	13	0	TPC
0	0	2	0	31	-1	18	15	0	TPC
0	0	2	0	32	-1	27	14	0	TPC
0	0	2	0	33	-1	25	10	0	TPC
0	0	2	0	34	-1	17	10	0	TPC
0	0	2	0	35	-1	16	11	0	TPC
0	0	2	0	36	-1	25	7	0	TPC
0	0	2	0	37	-1	26	11	0	TPC
0	0	2	0	38	-1	17	5	0	TPC
0	0	2	0	39	-1	16	6	0	TPC
0	0	2	0	40	-1	27	5	0	TPC
0	0	2	0	41	-1	27	12	0	TPC
0	0	2	0	42	-1	18	13	0	TPC
0	0	2	0	43	-1	18	8	0	TPC
0	0	2	0	44	-1	26	8	0	TPC
0	0	2	0	45	-1	-1	-1	0	TPC
0	0	2	0	46	-1	25	14	0	TPC
0	0	2	0	47	-1	17	14	0	TPC
0	0	2	0	48	-1	17	9	0	TPC
0	0	2	0	49	-1	27	9	0	TPC
0	0	2	0	50	-1	26	15	0	TPC
0	0	2	0	51	-1	16	10	0	TPC
0	0	2	0	52	-1	16	15	0	TPC
0	0	2	0	53	-1	25	11	0	TPC
0	0	2	0	54	-1	26	12	0	TPC
0	0	2	0	55	-1	17	0	0	TPC
0	0	2	0	56	-1	-1	-1	0	TPC
0	0	2	0	57	-1	18	12	0	TPC
0	0	2	0	58	-1	26	1	0	TPC
0	0	2	0	59	-1	27	13	0	TPC
0	0	2	0	60	-1	16	1	0	TPC
0	0	2	0	61	-1	17	13	0	TPC
0	0	2	0	62	-1	25	4	0	TPC
0	0	2	0	63	-1	25	15	0	TPC
0	0	2	0	64	-1	17	4	0	TPC
0	0	2	0	65	-1	16	14	0	TPC
0	0	2	0	66	-1	18	3	0	TPC
0	0	2	0	67	-1	27	2	0	TPC
0	0	2	1	0	-1	25	18	0	TPC
0	0	2	1	1	-1	17	18	0	TPC
0	0	2	1	2	-1	26	21	0	TPC
0	0	2	1	3	-1	27	16	0	TPC
0	0	2	1	4	-1	16	21	0	TPC
0	0	2	1	5	-1	18	17	0	TPC
0	0	2	1	6	-1	27	22	0	TPC
0	0	2	1	7	-1	26	19	0	TPC
0	0	2	1	8	-1	18	23	0	TPC
0	0	2	1	9	-1	16	19	0	TPC
0	0	2	1	10	-1	25	24	0	TPC
0	0	2	1	11	-1	-1	-1	0	TPC
0	0	2	1	12	-1	27	20	0	TPC
0	0	2	1	13	-1	17	24	0	TPC
0	0	2	1	14	-1	18	21	0	TPC
0	0	2	1	15	-1	25	22	0	TPC
0	0	2	1	16	-1	26	25	0	TPC
0	0	2	1	17	-1	17	22	0	TPC
0	0	2	1	18	-1	16	25	0	TPC
0	0	2	1	19	-1	25	16	0	TPC
0	0	2	1	20	-1	27	26	0	TPC
0	0	2	1	21	-1	18	27	0	TPC
0	0	2	1	22	-1	-1	-1	0	TPC
0	0	2	1	23	-1	16	23	0	TPC
0	0	2	1	24	-1	26	23	0	TPC
0	0	2	1	25	-1	25	28	0	TPC
0	0	2	1	26	-1	17	28	0	TPC
0	0	2	1	27	-1	18	25	0	TPC
0	0	2	1	28	-1	27	24	0	TPC
0	0	2	1	29	-1	26	29	0	TPC
0	0	2	1	30	-1	16	29	0	TPC
0	0	2	1	31	-1	18	31	0	TPC
0	0	2	1	32	-1	27	30	0	TPC
0	0	2	1	33	-1	25	26	0	TPC
0	0	2	1	34	-1	17	26	0	TPC
0	0	2	1	35	-1	16	27	0	TPC
0	0	2	1	36	-1	25	23	0	TPC
0	0	2	1	37	-1	26	27	0	TPC
0	0	2	1	38	-1	17	21	0	TPC
0	0	2	1	39	-1	16	22	0	TPC
0	0	2	1	40	-1	27	21	0	TPC
0	0	2	1	41	-1	27	28	0	TPC
0	0	2	1	42	-1	18	29	0	TPC
0	0	2	1	43	-1	18	24	0	TPC
0	0	2	1	44	-1	26	24	0	TPC
0	0	2	1	45	-1	-1	-1	0	TPC
0	0	2	1	46	-1	25	30	0	TPC
0	0	2	1	47	-1	17	30	0	TPC
0	0	2	1	48	-1	17	25	0	TPC
0	0	2	1	49	-1	27	25	0	TPC
0	0	2	1	50	-1	26	31	0	TPC
0	0	2	1	51	-1	16	26	0	TPC
0	0	2	1	52	-1	16	31	0	TPC
0	0	2	1	53	-1	25	27	0	TPC
0	0	2	1	54	-1	26	28	0	TPC
0	0	2	1	55	-1	17	16	0	TPC
0	0	2	1	56	-1	-1	-1	0	TPC
0	0	2	1	57	-1	18	28	0	TPC
0	0	2	1	58	-1	26	17	0	TPC
0	0	2	1	59	-1	27	29	0	TPC
0	0	2	1	60	-1	16	17	0	TPC
0	0	2	1	61	-1	17	29	0	TPC
0	0	2	1	62	-1	25	20	0	TPC
0	0	2	1	63	-1	25	31	0	TPC
0	0	2	1	64	-1	17	20	0	TPC
0	0	2	1	65	-1	16	30	0	TPC
0	0	2	1	66	-1	18	19	0	TPC
0	0	2	1	67	-1	27	18	0	TPC
0	0	2	2	0	-1	19	34	0	TPC
0	0	2	2	1	-1	23	34	0	TPC
0	0	2	2	2	-1	20	37	0	TPC
0	0	2	2	3	-1	21	32	0	TPC
0	0	2	2	4	-1	22	37	0	TPC
0	0	2	2	5	-1	24	33	0	TPC
0	0	2	2	6	-1	21	38	0	TPC
0	0	2	2	7	-1	20	35	0	TPC
0	0	2	2	8	-1	24	39	0	TPC
0	0	2	2	9	-1	22	35	0	TPC
0	0	2	2	10	-1	19	40	0	TPC
0	0	2	2	11	-1	-1	-1	0	TPC
0	0	2	2	12	-1	21	36	0	TPC
0	0	2	2	13	-1	23	40	0	TPC
0	0	2	2	14	-1	24	37	0	TPC
0	0	2	2	15	-1	19	38	0	TPC
0	0	2	2	16	-1	20	41	0	TPC
0	0	2	2	17	-1	23	38	0	TPC
0	0	2	2	18	-1	22	41	0	TPC
0	0	2	2	19	-1	19	32	0	TPC
0	0	2	2	20	-1	21	42	0	TPC
0	0	2	2	21	-1	24	43	0	TPC
0	0	2	2	22	-1	-1	-1	0	TPC
0	0	2	2	23	-1	22	39	0	TPC
0	0	2	2	24	-1	20	39	0	TPC
0	0	2	2	25	-1	19	44	0	TPC
0	0	2	2	26	-1	23	44	0	TPC
0	0	2	2	27	-1	24	41	0	TPC
0	0	2	2	28	-1	21	40	0	TPC
0	0	2	2	29	-1	20	45	0	TPC
0	0	2	2	30	-1	22	45	0	TPC
0	0	2	2	31	-1	24	47	0	TPC
0	0	2	2	32	-1	21	46	0	TPC
0	0	2	2	33	-1	19	42	0	TPC
0	0	2	2	34	-1	23	42	0	TPC
0	0	2	2	35	-1	22	43	0	TPC
0	0	2	2	36	-1	19	39	0	TPC
0	0	2	2	37	-1	20	43	0	TPC
0	0	2	2	38	-1	23	37	0	TPC
0	0	2	2	39	-1	22	38	0	TPC
0	0	2	2	40	-1	21	37	0	TPC
0	0	2	2	41	-1	21	44	0	TPC
0	0	2	2	42	-1	24	45	0	TPC
0	0	2	2	43	-1	24	40	0	TPC
0	0	2	2	44	-1	20	40	0	TPC
0	0	2	2	45	-1	-1	-1	0	TPC
0	0	2	2	46	-1	19	46	0	TPC
0	0	2	2	47	-1	23	46	0	TPC
0	0	2	2	48	-1	23	41	0	TPC
0	0	2	2	49	-1	21	41	0	TPC
0	0	2	2	50	-1	20	47	0	TPC
0	0	2	2	51	-1	22	42	0	TPC
0	0	2	2	52	-1	22	47	0	TPC
0	0	2	2	53	-1	19	43	0	TPC
0	0	2	2	54	-1	20	44	0	TPC
0	0	2	2	55	-1	23	32	0	TPC
0	0	2	2	56	-1	-1	-1	0	TPC
0	0	2	2	57	-1	24	44	0	TPC
0	0	2	2	58	-1	20	33	0	TPC
0	0	2	2	59	-1	21	45	0	TPC
0	0	2	2	60	-1	22	33	0	TPC
0	0	2	2	61	-1	23	45	0	TPC
0	0	2	2	62	-1	19	36	0	TPC
0	0	2	2	63	-1	19	47	0	TPC
0	0	2	2	64	-1	23	36	0	TPC
0	0	2	2	65	-1	22	46	0	TPC
0	0	2	2	66	-1	24	35	0	TPC
0	0	2	2	67	-1	21	34	0	TPC
0	0	2	3	0	-1	25	50	0	TPC
0	0	2	3	1	-1	17	50	0	TPC
0	0	2	3	2	-1	26	53	0	TPC
0	0	2	3	3	-1	27	48	0	TPC
0	0	2	3	4	-1	16	53	0	TPC
0	0	2	3	5	-1	18	49	0	TPC
0	0	2	3	6	-1	27	54	0	TPC
0	0	2	3	7	-1	26	51	0	TPC
0	0	2	3	8	-1	18	55	0	TPC
0	0	2	3	9	-1	16	51	0	TPC
0	0	2	3	10	-1	25	56	0	TPC
0	0	2	3	11	-1	-1	-1	0	TPC
0	0	2	3	12	-1	27	52	0	TPC
0	0	2	3	13	-1	17	56	0	TPC
0	0	2	3	14	-1	18	53	0	TPC
0	0	2	3	15	-1	25	54	0	TPC
0	0	2	3	16	-1	26	57	0	TPC
0	0	2	3	17	-1	17	54	0	TPC
0	0	2	3	18	-1	16	57	0	TPC
0	0	2	3	19	-1	25	48	0	TPC
0	0	2	3	20	-1	27	58	0	TPC
0	0	2	3	21	-1	18	59	0	TPC
0	0	2	3	22	-1	-1	-1	0	TPC
0	0	2	3	23	-1	16	55	0	TPC
0	0	2	3	24	-1	26	55	0	TPC
0	0	2	3	25	-1	25	60	0	TPC
0	0	2	3	26	-1	17	60	0	TPC
0	0	2	3	27	-1	18	57	0	TPC
0	0	2	3	28	-1	27	56	0	TPC
0	0	2	3	29	-1	26	61	0	TPC
0	0	2	3	30	-1	16	61	0	TPC
0	0	2	3	31	-1	18	63	0	TPC
0	0	2	3	32	-1	27	62	0	TPC
0	0	2	3	33	-1	25	58	0	TPC
0	0	2	3	34	-1	17	58	0	TPC
0	0	2	3	35	-1	16	59	0	TPC
0	0	2	3	36	-1	25	55	0	TPC
0	0	2	3	37	-1	26	59	0	TPC
0	0	2	3	38	-1	17	53	0	TPC
0	0	2	3	39	-1	16	54	0	TPC
0	0	2	3	40	-1	27	53	0	TPC
0	0	2	3	41	-1	27	60	0	TPC
0	0	2	3	42	-1	18	61	0	TPC
0	0	2	3	43	-1	18	56	0	TPC
0	0	2	3	44	-1	26	56	0	TPC
0	0	2	3	45	-1	-1	-1	0	TPC
0	0	2	3	46	-1	25	62	0	TPC
0	0	2	3	47	-1	17	62	0	TPC
0	0	2	3	48	-1	17	57	0	TPC
0	0	2	3	49	-1	27	57	0	TPC
0	0	2	3	50	-1	26	63	0	TPC
0	0	2	3	51	-1	16	58	0	TPC
0	0	2	3	52	-1	16	63	0	TPC
0	0	2	3	53	-1	25	59	0	TPC
0	0	2	3	54	-1	26	60	0	TPC
0	0	2	3	55	-1	17	48	0	TPC
0	0	2	3	56	-1	-1	-1	0	TPC
0	0	2	3	57	-1	18	60	0	TPC
0	0	2	3	58	-1	26	49	0	TPC
0	0	2	3	59	-1	27	61	0	TPC
0	0	2	3	60	-1	16	49	0	TPC
0	0	2	3	61	-1	17	61	0	TPC
0	0	2	3	62	-1	25	52	0	TPC
0	0	2	3	63	-1	25	63	0	TPC
0	0	2	3	64	-1	17	52	0	TPC
0	0	2	3	65	-1	16	62	0	TPC
0	0	2	3	66	-1	18	51	0	TPC
0	0	2	3	67	-1	27	50	0	TPC
0	1	0	0	0	-1	12	3	0	TPC
0	1	0	0	1	-1	13	9	0	TPC
0	1	0	0	2	-1	10	14	0	TPC
0	1	0	0	3	-1	11	4	0	TPC
0	1	0	0	4	-1	11	11	0	TPC
0	1	0	0	5	-1	14	10	0	TPC
0	1	0	0	6	-1	11	13	0	TPC
0	1	0	0	7	-1	10	1	0	TPC
0	1	0	0	8	-1	10	12	0	TPC
0	1	0	0	9	-1	15	7	0	TPC
0	1	0	0	10	-1	12	12	0	TPC
0	1	0	0	11	-1	-1	-1	0	TPC
0	1	0	0	12	-1	11	0	0	TPC
0	1	0	0	13	-1	12	14	0	TPC
0	1	0	0	14	-1	14	6	0	TPC
0	1	0	0	15	-1	10	15	0	TPC
0	1	0	0	16	-1	10	10	0	TPC
0	1	0	0	17	-1	13	5	0	TPC
0	1	0	0	18	-1	11	15	0	TPC
0	1	0	0	19	-1	12	5	0	TPC
0	1	0	0	20	-1	11	9	0	TPC
0	1	0	0	21	-1	12	0	0	TPC
0	1	0	0	22	-1	-1	-1	0	TPC
0	1	0	0	23	-1	15	3	0	TPC
0	1	0	0	24	-1	11	14	0	TPC
0	1	0	0	25	-1	12	8	0	TPC
0	1	0	0	26	-1	11	1	0	TPC
0	1	0	0	27	-1	14	2	0	TPC
0	1	0	0	28	-1	12	13	0	TPC
0	1	0	0	29	-1	10	6	0	TPC
0	1	0	0	30	-1	10	2	0	TPC
0	1	0	0	31	-1	12	4	0	TPC
0	1	0	0	32	-1	11	5	0	TPC
0	1	0	0	33	-1	10	11	0	TPC
0	1	0	0	34	-1	13	1	0	TPC
0	1	0	0	35	-1	10	0	0	TPC
0	1	0	0	36	-1	10	13	0	TPC
0	1	0	0	37	-1	11	10	0	TPC
0	1	0	0	38	-1	14	4	0	TPC
0	1	0	0	39	-1	13	3	0	TPC
0	1	0	0	40	-1	12	15	0	TPC
0	1	0	0	41	-1	12	9	0	TPC
0	1	0	0	42	-1	12	2	0	TPC
0	1	0	0	43	-1	15	1	0	TPC
0	1	0	0	44	-1	11	12	0	TPC
0	1	0	0	45	-1	-1	-1	0	TPC
0	1	0	0	46	-1	10	7	0	TPC
0	1	0	0	47	-1	11	3	0	TPC
0	1	0	0	48	-1	14	0	0	TPC
0	1	0	0	49	-1	12	11	0	TPC
0	1	0	0	50	-1	11	6	0	TPC
0	1	0	0	51	-1	15	15	0	TPC
0	1	0	0	52	-1	10	4	0	TPC
0	1	0	0	53	-1	10	9	0	TPC
0	1	0	0	54	-1	11	8	0	TPC
0	1	0	0	55	-1	12	6	0	TPC
0	1	0	0	56	-1	-1	-1	0	TPC
0	1	0	0	57	-1	14	14	0	TPC
0	1	0	0	58	-1	10	3	0	TPC
0	1	0	0	59	-1	12	7	0	TPC
0	1	0	0	60	-1	11	7	0	TPC
0	1	0	0	61	-1	13	13	0	TPC
0	1	0	0	62	-1	12	1	0	TPC
0	1	0	0	63	-1	10	5	0	TPC
0	1	0	0	64	-1	12	10	0	TPC
0	1	0	0	65	-1	15	11	0	TPC
0	1	0	0	66	-1	10	8	0	TPC
0	1	0	0	67	-1	11	2	0	TPC
0	1	0	1	0	-1	12	19	0	TPC
0	1	0	1	1	-1	13	25	0	TPC
0	1	0	1	2	-1	10	30	0	TPC
0	1	0	1	3	-1	11	20	0	TPC
0	1	0	1	4	-1	11	27	0	TPC
0	1	0	1	5	-1	14	26	0	TPC
0	1	0	1	6	-1	11	29	0	TPC
0	1	0	1	7	-1	10	17	0	TPC
0	1	0	1	8	-1	10	28	0	TPC
0	1	0	1	9	-1	15	23	0	TPC
0	1	0	1	10	-1	12	28	0	TPC
0	1	0	1	11	-1	-1	-1	0	TPC
0	1	0	1	12	-1	11	16	0	TPC
0	1	0	1	13	-1	12	30	0	TPC
0	1	0	1	14	-1	14	22	0	TPC
0	1	0	1	15	-1	10	31	0	TPC
0	1	0	1	16	-1	10	26	0	TPC
0	1	0	1	17	-1	13	21	0	TPC
0	1	0	1	18	-1	11	31	0	TPC
0	1	0	1	19	-1	12	21	0	TPC
0	1	0	1	20	-1	11	25	0	TPC
0	1	0	1	21	-1	12	16	0	TPC
0	1	0	1	22	-1	-1	-1	0	TPC
0	1	0	1	23	-1	15	19	0	TPC
0	1	0	1	24	-1	11	30	0	TPC
0	1	0	1	25	-1	12	24	0	TPC
0	1	0	1	26	-1	11	17	0	TPC
0	1	0	1	27	-1	14	18	0	TPC
0	1	0	1	28	-1	12	29	0	TPC
0	1	0	1	29	-1	10	22	0	TPC
0	1	0	1	30	-1	10	18	0	TPC
0	1	0	1	31	-1	12	20	0	TPC
0	1	0	1	32	-1	11	21	0	TPC
0	1	0	1	33	-1	10	27	0	TPC
0	1	0	1	34	-1	13	17	0	TPC
0	1	0	1	35	-1	10	16	0	TPC
0	1	0	1	36	-1	10	29	0	TPC
0	1	0	1	37	-1	11	26	0	TPC
0	1	0	1	38	-1	14	20	0	TPC
0	1	0	1	39	-1	13	19	0	TPC
0	1	0	1	40	-1	12	31	0	TPC
0	1	0	1	41	-1	12	25	0	TPC
0	1	0	1	42	-1	12	18	0	TPC
0	1	0	1	43	-1	15	17	0	TPC
0	1	0	1	44	-1	11	28	0	TPC
0	1	0	1	45	-1	-1	-1	0	TPC
0	1	0	1	46	-1	10	23	0	TPC
0	1	0	1	47	-1	11	19	0	TPC
0	1	0	1	48	-1	14	16	0	TPC
0	1	0	1	49	-1	12	27	0	TPC
0	1	0	1	50	-1	11	22	0	TPC
0	1	0	1	51	-1	15	31	0	TPC
0	1	0	1	52	-1	10	20	0	TPC
0	1	0	1	53	-1	10	25	0	TPC
0	1	0	1	54	-1	11	24	0	TPC
0	1	0	1	55	-1	12	22	0	TPC
0	1	0	1	56	-1	-1	-1	0	TPC
0	1	0	1	57	-1	14	30	0	TPC
0	1	0	1	58	-1	10	19	0	TPC
0	1	0	1	59	-1	12	23	0	TPC
0	1	0	1	60	-1	11	23	0	TPC
0	1	0	1	61	-1	13	29	0	TPC
0	1	0	1	62	-1	12	17	0	TPC
0	1	0	1	63	-1	10	21	0	TPC
0	1	0	1	64	-1	12	26	0	TPC
0	1	0	1	65	-1	15	27	0	TPC
0	1	0	1	66	-1	10	24	0	TPC
0	1	0	1	67	-1	11	18	0	TPC
0	1	0	2	0	-1	10	40	0	TPC
0	1	0	2	1	-1	15	34	0	TPC
0	1	0	2	2	-1	15	43	0	TPC
0	1	0	2	3	-1	12	42	0	TPC
0	1	0	2	4	-1	13	47	0	TPC
0	1	0	2	5	-1	13	36	0	TPC
0	1	0	2	6	-1	13	45	0	TPC
0	1	0	2	7	-1	11	39	0	TPC
0	1	0	2	8	-1	15	45	0	TPC
0	1	0	2	9	-1	14	33	0	TPC
0	1	0	2	10	-1	14	46	0	TPC
0	1	0	2	11	-1	-1	-1	0	TPC
0	1	0	2	12	-1	12	38	0	TPC
0	1	0	2	13	-1	14	44	0	TPC
0	1	0	2	14	-1	13	32	0	TPC
0	1	0	2	15	-1	10	36	0	TPC
0	1	0	2	16	-1	15	47	0	TPC
0	1	0	2	17	-1	14	47	0	TPC
0	1	0	2	18	-1	13	43	0	TPC
0	1	0	2	19	-1	14	38	0	TPC
0	1	0	2	20	-1	14	32	0	TPC
0	1	0	2	21	-1	15	41	0	TPC
0	1	0	2	22	-1	-1	-1	0	TPC
0	1	0	2	23	-1	13	46	0	TPC
0	1	0	2	24	-1	11	35	0	TPC
0	1	0	2	25	-1	15	33	0	TPC
0	1	0	2	26	-1	14	40	0	TPC
0	1	0	2	27	-1	15	44	0	TPC
0	1	0	2	28	-1	12	34	0	TPC
0	1	0	2	29	-1	13	35	0	TPC
0	1	0	2	30	-1	13	39	0	TPC
0	1	0	2	31	-1	15	37	0	TPC
0	1	0	2	32	-1	14	36	0	TPC
0	1	0	2	33	-1	10	32	0	TPC
0	1	0	2	34	-1	14	43	0	TPC
0	1	0	2	35	-1	13	42	0	TPC
0	1	0	2	36	-1	10	34	0	TPC
0	1	0	2	37	-1	13	33	0	TPC
0	1	0	2	38	-1	15	46	0	TPC
0	1	0	2	39	-1	14	45	0	TPC
0	1	0	2	40	-1	12	36	0	TPC
0	1	0	2	41	-1	14	34	0	TPC
0	1	0	2	42	-1	15	40	0	TPC
0	1	0	2	43	-1	13	44	0	TPC
0	1	0	2	44	-1	11	33	0	TPC
0	1	0	2	45	-1	-1	-1	0	TPC
0	1	0	2	46	-1	15	35	0	TPC
0	1	0	2	47	-1	14	39	0	TPC
0	1	0	2	48	-1	15	42	0	TPC
0	1	0	2	49	-1	12	32	0	TPC
0	1	0	2	50	-1	13	37	0	TPC
0	1	0	2	51	-1	14	41	0	TPC
0	1	0	2	52	-1	13	38	0	TPC
0	1	0	2	53	-1	11	47	0	TPC
0	1	0	2	54	-1	12	46	0	TPC
0	1	0	2	55	-1	15	36	0	TPC
0	1	0	2	56	-1	-1	-1	0	TPC
0	1	0	2	57	-1	13	40	0	TPC
0	1	0	2	58	-1	15	39	0	TPC
0	1	0	2	59	-1	10	44	0	TPC
0	1	0	2	60	-1	14	35	0	TPC
0	1	0	2	61	-1	15	38	0	TPC
0	1	0	2	62	-1	14	42	0	TPC
0	1	0	2	63	-1	11	43	0	TPC
0	1	0	2	64	-1	15	32	0	TPC
0	1	0	2	65	-1	14	37	0	TPC
0	1	0	2	66	-1	13	34	0	TPC
0	1	0	2	67	-1	13	41	0	TPC
0	1	0	3	0	-1	12	51	0	TPC
0	1	0	3	1	-1	13	57	0	TPC
0	1	0	3	2	-1	10	62	0	TPC
0	1	0	3	3	-1	11	52	0	TPC
0	1	0	3	4	-1	11	59	0	TPC
0	1	0	3	5	-1	14	58	0	TPC
0	1	0	3	6	-1	11	61	0	TPC
0	1	0	3	7	-1	10	49	0	TPC
0	1	0	3	8	-1	10	60	0	TPC
0	1	0	3	9	-1	15	55	0	TPC
0	1	0	3	10	-1	12	60	0	TPC
0	1	0	3	11	-1	-1	-1	0	TPC
0	1	0	3	12	-1	11	48	0	TPC
0	1	0	3	13	-1	12	62	0	TPC
0	1	0	3	14	-1	14	54	0	TPC
0	1	0	3	15	-1	10	63	0	TPC
0	1	0	3	16	-1	10	58	0	TPC
0	1	0	3	17	-1	13	53	0	TPC
0	1	0	3	18	-1	11	63	0	TPC
0	1	0	3	19	-1	12	53	0	TPC
0	1	0	3	20	-1	11	57	0	TPC
0	1	0	3	21	-1	12	48	0	TPC
0	1	0	3	22	-1	-1	-1	0	TPC
0	1	0	3	23	-1	15	51	0	TPC
0	1	0	3	24	-1	11	62	0	TPC
0	1	0	3	25	-1	12	56	0	TPC
0	1	0	3	26	-1	11	49	0	TPC
0	1	0	3	27	-1	14	50	0	TPC
0	1	0	3	28	-1	12	61	0	TPC
0	1	0	3	29	-1	10	54	0	TPC
0	1	0	3	30	-1	10	50	0	TPC
0	1	0	3	31	-1	12	52	0	TPC
0	1	0	3	32	-1	11	53	0	TPC
0	1	0	3	33	-1	10	59	0	TPC
0	1	0	3	34	-1	13	49	0	TPC
0	1	0	3	35	-1	10	48	0	TPC
0	1	0	3	36	-1	10	61	0	TPC
0	1	0	3	37	-1	11	58	0	TPC
0	1	0	3	38	-1	14	52	0	TPC
0	1	0	3	39	-1	13	51	0	TPC
0	1	0	3	40	-1	12	63	0	TPC
0	1	0	3	41	-1	12	57	0	TPC
0	1	0	3	42	-1	12	50	0	TPC
0	1	0	3	43	-1	15	49	0	TPC
0	1	0	3	44	-1	11	60	0	TPC
0	1	0	3	45	-1	-1	-1	0	TPC
0	1	0	3	46	-1	10	55	0	TPC
0	1	0	3	47	-1	11	51	0	TPC
0	1	0	3	48	-1	14	48	0	TPC
0	1	0	3	49	-1	12	59	0	TPC
0	1	0	3	50	-1	11	54	0	TPC
0	1	0	3	51	-1	15	63	0	TPC
0	1	0	3	52	-1	10	52	0	TPC
0	1	0	3	53	-1	10	57	0	TPC
0	1	0	3	54	-1	11	56	0	TPC
0	1	0	3	55	-1	12	54	0	TPC
0	1	0	3	56	-1	-1	-1	0	TPC
0	1	0	3	57	-1	14	62	0	TPC
0	1	0	3	58	-1	10	51	0	TPC
0	1	0	3	59	-1	12	55	0	TPC
0	1	0	3	60	-1	11	55	0	TPC
0	1	0	3	61	-1	13	61	0	TPC
0	1	0	3	62	-1	12	49	0	TPC
0	1	0	3	63	-1	10	53	0	TPC
0	1	0	3	64	-1	12	58	0	TPC
0	1	0	3	65	-1	15	59	0	TPC
0	1	0	3	66	-1	10	56	0	TPC
0	1	0	3	67	-1	11	50	0	TPC
0	1	1	0	0	-1	4	8	0	TPC
0	1	1	0	1	-1	9	2	0	TPC
0	1	1	0	2	-1	9	11	0	TPC
0	1	1	0	3	-1	6	10	0	TPC
0	1	1	0	4	-1	7	15	0	TPC
0	1	1	0	5	-1	7	4	0	TPC
0	1	1	0	6	-1	7	13	0	TPC
0	1	1	0	7	-1	5	7	0	TPC
0	1	1	0	8	-1	9	13	0	TPC
0	1	1	0	9	-1	8	1	0	TPC
0	1	1	0	10	-1	8	14	0	TPC
0	1	1	0	11	-1	-1	-1	0	TPC
0	1	1	0	12	-1	6	6	0	TPC
0	1	1	0	13	-1	8	12	0	TPC
0	1	1	0	14	-1	7	0	0	TPC
0	1	1	0	15	-1	4	4	0	TPC
0	1	1	0	16	-1	9	15	0	TPC
0	1	1	0	17	-1	8	15	0	TPC
0	1	1	0	18	-1	7	11	0	TPC
0	1	1	0	19	-1	8	6	0	TPC
0	1	1	0	20	-1	8	0	0	TPC
0	1	1	0	21	-1	9	9	0	TPC
0	1	1	0	22	-1	-1	-1	0	TPC
0	1	1	0	23	-1	7	14	0	TPC
0	1	1	0	24	-1	5	3	0	TPC
0	1	1	0	25	-1	9	1	0	TPC
0	1	1	0	26	-1	8	8	0	TPC
0	1	1	0	27	-1	9	12	0	TPC
0	1	1	0	28	-1	6	2	0	TPC
0	1	1	0	29	-1	7	3	0	TPC
0	1	1	0	30	-1	7	7	0	TPC
0	1	1	0	31	-1	9	5	0	TPC
0	1	1	0	32	-1	8	4	0	TPC
0	1	1	0	33	-1	4	0	0	TPC
0	1	1	0	34	-1	8	11	0	TPC
0	1	1	0	35	-1	7	10	0	TPC
0	1	1	0	36	-1	4	2	0	TPC
0	1	1	0	37	-1	7	1	0	TPC
0	1	1	0	38	-1	9	14	0	TPC
0	1	1	0	39	-1	8	13	0	TPC
0	1	1	0	40	-1	6	4	0	TPC
0	1	1	0	41	-1	8	2	0	TPC
0	1	1	0	42	-1	9	8	0	TPC
0	1	1	0	43	-1	7	12	0	TPC
0	1	1	0	44	-1	5	1	0	TPC
0	1	1	0	45	-1	-1	-1	0	TPC
0	1	1	0	46	-1	9	3	0	TPC
0	1	1	0	47	-1	8	7	0	TPC
0	1	1	0	48	-1	9	10	0	TPC
0	1	1	0	49	-1	6	0	0	TPC
0	1	1	0	50	-1	7	5	0	TPC
0	1	1	0	51	-1	8	9	0	TPC
0	1	1	0	52	-1	7	6	0	TPC
0	1	1	0	53	-1	5	15	0	TPC
0	1	1	0	54	-1	6	14	0	TPC
0	1	1	0	55	-1	9	4	0	TPC
0	1	1	0	56	-1	-1	-1	0	TPC
0	1	1	0	57	-1	7	8	0	TPC
0	1	1	0	58	-1	9	7	0	TPC
0	1	1	0	59	-1	4	12	0	TPC
0	1	1	0	60	-1	8	3	0	TPC
0	1	1	0	61	-1	9	6	0	TPC
0	1	1	0	62	-1	8	10	0	TPC
0	1	1	0	63	-1	5	11	0	TPC
0	1	1	0	64	-1	9	0	0	TPC
0	1	1	0	65	-1	8	5	0	TPC
0	1	1	0	66	-1	7	2	0	TPC
0	1	1	0	67	-1	7	9	0	TPC
0	1	1	1	0	-1	4	24	0	TPC
0	1	1	1	1	-1	9	18	0	TPC
0	1	1	1	2	-1	9	27	0	TPC
0	1	1	1	3	-1	6	26	0	TPC
0	1	1	1	4	-1	7	31	0	TPC
0	1	1	1	5	-1	7	20	0	TPC
0	1	1	1	6	-1	7	29	0	TPC
0	1	1	1	7	-1	5	23	0	TPC
0	1	1	1	8	-1	9	29	0	TPC
0	1	1	1	9	-1	8	17	0	TPC
0	1	1	1	10	-1	8	30	0	TPC
0	1	1	1	11	-1	-1	-1	0	TPC
0	1	1	1	12	-1	6	22	0	TPC
0	1	1	1	13	-1	8	28	0	TPC
0	1	1	1	14	-1	7	16	0	TPC
0	1	1	1	15	-1	4	20	0	TPC
0	1	1	1	16	-1	9	31	0	TPC
0	1	1	1	17	-1	8	31	0	TPC
0	1	1	1	18	-1	7	27	0	TPC
0	1	1	1	19	-1	8	22	0	TPC
0	1	1	1	20	-1	8	16	0	TPC
0	1	1	1	21	-1	9	25	0	TPC
0	1	1	1	22	-1	-1	-1	0	TPC
0	1	1	1	23	-1	7	30	0	TPC
0	1	1	1	24	-1	5	19	0	TPC
0	1	1	1	25	-1	9	17	0	TPC
0	1	1	1	26	-1	8	24	0	TPC
0	1	1	1	27	-1	9	28	0	TPC
0	1	1	1	28	-1	6	18	0	TPC
0	1	1	1	29	-1	7	19	0	TPC
0	1	1	1	30	-1	7	23	0	TPC
0	1	1	1	31	-1	9	21	0	TPC
0	1	1	1	32	-1	8	20	0	TPC
0	1	1	1	33	-1	4	16	0	TPC
0	1	1	1	34	-1	8	27	0	TPC
0	1	1	1	35	-1	7	26	0	TPC
0	1	1	1	36	-1	4	18	0	TPC
0	1	1	1	37	-1	7	17	0	TPC
0	1	1	1	38	-1	9	30	0	TPC
0	1	1	1	39	-1	8	29	0	TPC
0	1	1	1	40	-1	6	20	0	TPC
0	1	1	1	41	-1	8	18	0	TPC
0	1	1	1	42	-1	9	24	0	TPC
0	1	1	1	43	-1	7	28	0	TPC
0	1	1	1	44	-1	5	17	0	TPC
0	1	1	1	45	-1	-1	-1	0	TPC
0	1	1	1	46	-1	9	19	0	TPC
0	1	1	1	47	-1	8	23	0	TPC
0	1	1	1	48	-1	9	26	0	TPC
0	1	1	1	49	-1	6	16	0	TPC
0	1	1	1	50	-1	7	21	0	TPC
0	1	1	1	51	-1	8	25	0	TPC
0	1	1	1	52	-1	7	22	0	TPC
0	1	1	1	53	-1	5	31	0	TPC
0	1	1	1	54	-1	6	30	0	TPC
0	1	1	1	55	-1	9	20	0	TPC
0	1	1	1	56	-1	-1	-1	0	TPC
0	1	1	1	57	-1	7	24	0	TPC
0	1	1	1	58	-1	9	23	0	TPC
0	1	1	1	59	-1	4	28	0	TPC
0	1	1	1	60	-1	8	19	0	TPC
0	1	1	1	61	-1	9	22	0	TPC
0	1	1	1	62	-1	8	26	0	TPC
0	1	1	1	63	-1	5	27	0	TPC
0	1	1	1	64	-1	9	16	0	TPC
0	1	1	1	65	-1	8	21	0	TPC
0	1	1	1	66	-1	7	18	0	TPC
0	1	1	1	67	-1	7	25	0	TPC
0	1	1	2	0	-1	7	34	0	TPC
0	1	1	2	1	-1	11	34	0	TPC
0	1	1	2	2	-1	8	37	0	TPC
0	1	1	2	3	-1	9	32	0	TPC
0	1	1	2	4	-1	10	37	0	TPC
0	1	1	2	5	-1	12	33	0	TPC
0	1	1	2	6	-1	9	38	0	TPC
0	1	1	2	7	-1	8	35	0	TPC
0	1	1	2	8	-1	12	39	0	TPC
0	1	1	2	9	-1	10	35	0	TPC
0	1	1	2	10	-1	7	40	0	TPC
0	1	1	2	11	-1	-1	-1	0	TPC
0	1	1	2	12	-1	9	36	0	TPC
0	1	1	2	13	-1	11	40	0	TPC
0	1	1	2	14	-1	12	37	0	TPC
0	1	1	2	15	-1	7	38	0	TPC
0	1	1	2	16	-1	8	41	0	TPC
0	1	1	2	17	-1	11	38	0	TPC
0	1	1	2	18	-1	10	41	0	TPC
0	1	1	2	19	-1	7	32	0	TPC
0	1	1	2	20	-1	9	42	0	TPC
0	1	1	2	21	-1	12	43	0	TPC
0	1	1	2	22	-1	-1	-1	0	TPC
0	1	1	2	23	-1	10	39	0	TPC
0	1	1	2	24	-1	8	39	0	TPC
0	1	1	2	25	-1	7	44	0	TPC
0	1	1	2	26	-1	11	44	0	TPC
0	1	1	2	27	-1	12	41	0	TPC
0	1	1	2	28	-1	9	40	0	TPC
0	1	1	2	29	-1	8	45	0	TPC
0	1	1	2	30	-1	10	45	0	TPC
0	1	1	2	31	-1	12	47	0	TPC
0	1	1	2	32	-1	9	46	0	TPC
0	1	1	2	33	-1	7	42	0	TPC
0	1	1	2	34	-1	11	42	0	TPC
0	1	1	2	35	-1	10	43	0	TPC
0	1	1	2	36	-1	7	39	0	TPC
0	1	1	2	37	-1	8	43	0	TPC
0	1	1	2	38	-1	11	37	0	TPC
0	1	1	2	39	-1	10	38	0	TPC
0	1	1	2	40	-1	9	37	0	TPC
0	1	1	2	41	-1	9	44	0	TPC
0	1	1	2	42	-1	12	45	0	TPC
0	1	1	2	43	-1	12	40	0	TPC
0	1	1	2	44	-1	8	40	0	TPC
0	1	1	2	45	-1	-1	-1	0	TPC
0	1	1	2	46	-1	7	46	0	TPC
0	1	1	2	47	-1	11	46	0	TPC
0	1	1	2	48	-1	11	41	0	TPC
0	1	1	2	49	-1	9	41	0	TPC
0	1	1	2	50	-1	8	47	0	TPC
0	1	1	2	51	-1	10	42	0	TPC
0	1	1	2	52	-1	10	47	0	TPC
0	1	1	2	53	-1	7	43	0	TPC
0	1	1	2	54	-1	8	44	0	TPC
0	1	1	2	55	-1	11	32	0	TPC
0	1	1	2	56	-1	-1	-1	0	TPC
0	1	1	2	57	-1	12	44	0	TPC
0	1	1	2	58	-1	8	33	0	TPC
0	1	1	2	59	-1	9	45	0	TPC
0	1	1	2	60	-1	10	33	0	TPC
0	1	1	2	61	-1	11	45	0	TPC
0	1	1	2	62	-1	7	36	0	TPC
0	1	1	2	63	-1	7	47	0	TPC
0	1	1	2	64	-1	11	36	0	TPC
0	1	1	2	65	-1	10	46	0	TPC
0	1	1	2	66	-1	12	35	0	TPC
0	1	1	2	67	-1	9	34	0	TPC
0	1	1	3	0	-1	13	50	0	TPC
0	1	1	3	1	-1	5	50	0	TPC
0	1	1	3	2	-1	14	53	0	TPC
0	1	1	3	3	-1	15	48	0	TPC
0	1	1	3	4	-1	4	53	0	TPC
0	1	1	3	5	-1	6	49	0	TPC
0	1	1	3	6	-1	15	54	0	TPC
0	1	1	3	7	-1	14	51	0	TPC
0	1	1	3	8	-1	6	55	0	TPC
0	1	1	3	9	-1	4	51	0	TPC
0	1	1	3	10	-1	13	56	0	TPC
0	1	1	3	11	-1	-1	-1	0	TPC
0	1	1	3	12	-1	15	52	0	TPC
0	1	1	3	13	-1	5	56	0	TPC
0	1	1	3	14	-1	6	53	0	TPC
0	1	1	3	15	-1	13	54	0	TPC
0	1	1	3	16	-1	14	57	0	TPC
0	1	1	3	17	-1	5	54	0	TPC
0	1	1	3	18	-1	4	57	0	TPC
0	1	1	3	19	-1	13	48	0	TPC
0	1	1	3	20	-1	15	58	0	TPC
0	1	1	3	21	-1	6	59	0	TPC
0	1	1	3	22	-1	-1	-1	0	TPC
0	1	1	3	23	-1	4	55	0	TPC
0	1	1	3	24	-1	14	55	0	TPC
0	1	1	3	25	-1	13	60	0	TPC
0	1	1	3	26	-1	5	60	0	TPC
0	1	1	3	27	-1	6	57	0	TPC
0	1	1	3	28	-1	15	56	0	TPC
0	1	1	3	29	-1	14	61	0	TPC
0	1	1	3	30	-1	4	61	0	TPC
0	1	1	3	31	-1	6	63	0	TPC
0	1	1	3	32	-1	15	62	0	TPC
0	1	1	3	33	-1	13	58	0	TPC
0	1	1	3	34	-1	5	58	0	TPC
0	1	1	3	35	-1	4	59	0	TPC
0	1	1	3	36	-1	13	55	0	TPC
0	1	1	3	37	-1	14	59	0	TPC
0	1	1	3	38	-1	5	53	0	TPC
0	1	1	3	39	-1	4	54	0	TPC
0	1	1	3	40	-1	15	53	0	TPC
0	1	1	3	41	-1	15	60	0	TPC
0	1	1	3	42	-1	6	61	0	TPC
0	1	1	3	43	-1	6	56	0	TPC
0	1	1	3	44	-1	14	56	0	TPC
0	1	1	3	45	-1	-1	-1	0	TPC
0	1	1	3	46	-1	13	62	0	TPC
0	1	1	3	47	-1	5	62	0	TPC
0	1	1	3	48	-1	5	57	0	TPC
0	1	1	3	49	-1	15	57	0	TPC
0	1	1	3	50	-1	14	63	0	TPC
0	1	1	3	51	-1	4	58	0	TPC
0	1	1	3	52	-1	4	63	0	TPC
0	1	1	3	53	-1	13	59	0	TPC
0	1	1	3	54	-1	14	60	0	TPC
0	1	1	3	55	-1	5	48	0	TPC
0	1	1	3	56	-1	-1	-1	0	TPC
0	1	1	3	57	-1	6	60	0	TPC
0	1	1	3	58	-1	14	49	0	TPC
0	1	1	3	59	-1	15	61	0	TPC
0	1	1	3	60	-1	4	49	0	TPC
0	1	1	3	61	-1	5	61	0	TPC
0	1	1	3	62	-1	13	52	0	TPC
0	1	1	3	63	-1	13	63	0	TPC
0	1	1	3	64	-1	5	52	0	TPC
0	1	1	3	65	-1	4	62	0	TPC
0	1	1	3	66	-1	6	51	0	TPC
0	1	1	3	67	-1	15	50	0	TPC
0	1	2	0	0	-1	13	2	0	TPC
0	1	2	0	1	-1	5	2	0	TPC
0	1	2	0	2	-1	14	5	0	TPC
0	1	2	0	3	-1	15	0	0	TPC
0	1	2	0	4	-1	4	5	0	TPC
0	1	2	0	5	-1	6	1	0	TPC
0	1	2	0	6	-1	15	6	0	TPC
0	1	2	0	7	-1	14	3	0	TPC
0	1	2	0	8	-1	6	7	0	TPC
0	1	2	0	9	-1	4	3	0	TPC
0	1	2	0	10	-1	13	8	0	TPC
0	1	2	0	11	-1	-1	-1	0	TPC
0	1	2	0	12	-1	15	4	0	TPC
0	1	2	0	13	-1	5	8	0	TPC
0	1	2	0	14	-1	6	5	0	TPC
0	1	2	0	15	-1	13	6	0	TPC
0	1	2	0	16	-1	14	9	0	TPC
0	1	2	0	17	-1	5	6	0	TPC
0	1	2	0	18	-1	4	9	0	TPC
0	1	2	0	19	-1	13	0	0	TPC
0	1	2	0	20	-1	15	10	0	TPC
0	1	2	0	21	-1	6	11	0	TPC
0	1	2	0	22	-1	-1	-1	0	TPC
0	1	2	0	23	-1	4	7	0	TPC
0	1	2	0	24	-1	14	7	0	TPC
0	1	2	0	25	-1	13	12	0	TPC
0	1	2	0	26	-1	5	12	0	TPC
0	1	2	0	27	-1	6	9	0	TPC
0	1	2	0	28	-1	15	8	0	TPC
0	1	2	0	29	-1	14	13	0	TPC
0	1	2	0	30	-1	4	13	0	TPC
0	1	2	0	31	-1	6	15	0	TPC
0	1	2	0	32	-1	15	14	0	TPC
0	1	2	0	33	-1	13	10	0	TPC
0	1	2	0	34	-1	5	10	0	TPC
0	1	2	0	35	-1	4	11	0	TPC
0	1	2	0	36	-1	13	7	0	TPC
0	1	2	0	37	-1	14	11	0	TPC
0	1	2	0	38	-1	5	5	0	TPC
0	1	2	0	39	-1	4	6	0	TPC
0	1	2	0	40	-1	15	5	0	TPC
0	1	2	0	41	-1	15	12	0	TPC
0	1	2	0	42	-1	6	13	0	TPC
0	1	2	0	43	-1	6	8	0	TPC
0	1	2	0	44	-1	14	8	0	TPC
0	1	2	0	45	-1	-1	-1	0	TPC
0	1	2	0	46	-1	13	14	0	TPC
0	1	2	0	47	-1	5	14	0	TPC
0	1	2	0	48	-1	5	9	0	TPC
0	1	2	0	49	-1	15	9	0	TPC
0	1	2	0	50	-1	14	15	0	TPC
0	1	2	0	51	-1	4	10	0	TPC
0	1	2	0	52	-1	4	15	0	TPC
0	1	2	0	53	-1	13	11	0	TPC
0	1	2	0	54	-1	14	12	0	TPC
0	1	2	0	55	-1	5	0	0	TPC
0	1	2	0	56	-1	-1	-1	0	TPC
0	1	2	0	57	-1	6	12	0	TPC
0	1	2	0	58	-1	14	1	0	TPC
0	1	2	0	59	-1	15	13	0	TPC
0	1	2	0	60	-1	4	1	0	TPC
0	1	2	0	61	-1	5	13	0	TPC
0	1	2	0	62	-1	13	4	0	TPC
0	1	2	0	63	-1	13	15	0	TPC
0	1	2	0	64	-1	5	4	0	TPC
0	1	2	0	65	-1	4	14	0	TPC
0	1	2	0	66	-1	6	3	0	TPC
0	1	2	0	67	-1	15	2	0	TPC
0	1	2	1	0	-1	13	18	0	TPC
0	1	2	1	1	-1	5	18	0	TPC
0	1	2	1	2	-1	14	21	0	TPC
0	1	2	1	3	-1	15	16	0	TPC
0	1	2	1	4	-1	4	21	0	TPC
0	1	2	1	5	-1	6	17	0	TPC
0	1	2	1	6	-1	15	22	0	TPC
0	1	2	1	7	-1	14	19	0	TPC
0	1	2	1	8	-1	6	23	0	TPC
0	1	2	1	9	-1	4	19	0	TPC
0	1	2	1	10	-1	13	24	0	TPC
0	1	2	1	11	-1	-1	-1	0	TPC
0	1	2	1	12	-1	15	20	0	TPC
0	1	2	1	13	-1	5	24	0	TPC
0	1	2	1	14	-1	6	21	0	TPC
0	1	2	1	15	-1	13	22	0	TPC
0	1	2	1	16	-1	14	25	0	TPC
0	1	2	1	17	-1	5	22	0	TPC
0	1	2	1	18	-1	4	25	0	TPC
0	1	2	1	19	-1	13	16	0	TPC
0	1	2	1	20	-1	15	26	0	TPC
0	1	2	1	21	-1	6	27	0	TPC
0	1	2	1	22	-1	-1	-1	0	TPC
0	1	2	1	23	-1	4	23	0	TPC
0	1	2	1	24	-1	14	23	0	TPC
0	1	2	1	25	-1	13	28	0	TPC
0	1	2	1	26	-1	5	28	0	TPC
0	1	2	1	27	-1	6	25	0	TPC
0	1	2	1	28	-1	15	24	0	TPC
0	1	2	1	29	-1	14	29	0	TPC
0	1	2	1	30	-1	4	29	0	TPC
0	1	2	1	31	-1	6	31	0	TPC
0	1	2	1	32	-1	15	30	0	TPC
0	1	2	1	33	-1	13	26	0	TPC
0	1	2	1	34	-1	5	26	0	TPC
0	1	2	1	35	-1	4	27	0	TPC
0	1	2	1	36	-1	13	23	0	TPC
0	1	2	1	37	-1	14	27	0	TPC
0	1	2	1	38	-1	5	21	0	TPC
0	1	2	1	39	-1	4	22	0	TPC
0	1	2	1	40	-1	15	21	0	TPC
0	1	2	1	41	-1	15	28	0	TPC
0	1	2	1	42	-1	6	29	0	TPC
0	1	2	1	43	-1	6	24	0	TPC
0	1	2	1	44	-1	14	24	0	TPC
0	1	2	1	45	-1	-1	-1	0	TPC
0	1	2	1	46	-1	13	30	0	TPC
0	1	2	1	47	-1	5	30	0	TPC
0	1	2	1	48	-1	5	25	0	TPC
0	1	2	1	49	-1	15	25	0	TPC
0	1	2	1	50	-1	14	31	0	TPC
0	1	2	1	51	-1	4	26	0	TPC
0	1	2	1	52	-1	4	31	0	TPC
0	1	2	1	53	-1	13	27	0	TPC
0	1	2	1	54	-1	14	28	0	TPC
0	1	2	1	55	-1	5	16	0	TPC
0	1	2	1	56	-1	-1	-1	0	TPC
0	1	2	1	57	-1	6	28	0	TPC
0	1	2	1	58	-1	14	17	0	TPC
0	1	2	1	59	-1	15	29	0	TPC
0	1	2	1	60	-1	4	17	0	TPC
0	1	2	1	61	-1	5	29	0	TPC
0	1	2	1	62	-1	13	20	0	TPC
0	1	2	1	63	-1	13	31	0	TPC
0	1	2	1	64	-1	5	20	0	TPC
0	1	2	1	65	-1	4	30	0	TPC
0	1	2	1	66	-1	6	19	0	TPC
0	1	2	1	67	-1	15	18	0	TPC
0	1	2	2	0	-1	6	35	0	TPC
0	1	2	2	1	-1	7	41	0	TPC
0	1	2	2	2	-1	4	46	0	TPC
0	1	2	2	3	-1	5	36	0	TPC
0	1	2	2	4	-1	5	43	0	TPC
0	1	2	2	5	-1	8	42	0	TPC
0	1	2	2	6	-1	5	45	0	TPC
0	1	2	2	7	-1	4	33	0	TPC
0	1	2	2	8	-1	4	44	0	TPC
0	1	2	2	9	-1	9	39	0	TPC
0	1	2	2	10	-1	6	44	0	TPC
0	1	2	2	11	-1	-1	-1	0	TPC
0	1	2	2	12	-1	5	32	0	TPC
0	1	2	2	13	-1	6	46	0	TPC
0	1	2	2	14	-1	8	38	0	TPC
0	1	2	2	15	-1	4	47	0	TPC
0	1	2	2	16	-1	4	42	0	TPC
0	1	2	2	17	-1	7	37	0	TPC
0	1	2	2	18	-1	5	47	0	TPC
0	1	2	2	19	-1	6	37	0	TPC
0	1	2	2	20	-1	5	41	0	TPC
0	1	2	2	21	-1	6	32	0	TPC
0	1	2	2	22	-1	-1	-1	0	TPC
0	1	2	2	23	-1	9	35	0	TPC
0	1	2	2	24	-1	5	46	0	TPC
0	1	2	2	25	-1	6	40	0	TPC
0	1	2	2	26	-1	5	33	0	TPC
0	1	2	2	27	-1	8	34	0	TPC
0	1	2	2	28	-1	6	45	0	TPC
0	1	2	2	29	-1	4	38	0	TPC
0	1	2	2	30	-1	4	34	0	TPC
0	1	2	2	31	-1	6	36	0	TPC
0	1	2	2	32	-1	5	37	0	TPC
0	1	2	2	33	-1	4	43	0	TPC
0	1	2	2	34	-1	7	33	0	TPC
0	1	2	2	35	-1	4	32	0	TPC
0	1	2	2	36	-1	4	45	0	TPC
0	1	2	2	37	-1	5	42	0	TPC
0	1	2	2	38	-1	8	36	0	TPC
0	1	2	2	39	-1	7	35	0	TPC
0	1	2	2	40	-1	6	47	0	TPC
0	1	2	2	41	-1	6	41	0	TPC
0	1	2	2	42	-1	6	34	0	TPC
0	1	2	2	43	-1	9	33	0	TPC
0	1	2	2	44	-1	5	44	0	TPC
0	1	2	2	45	-1	-1	-1	0	TPC
0	1	2	2	46	-1	4	39	0	TPC
0	1	2	2	47	-1	5	35	0	TPC
0	1	2	2	48	-1	8	32	0	TPC
0	1	2	2	49	-1	6	43	0	TPC
0	1	2	2	50	-1	5	38	0	TPC
0	1	2	2	51	-1	9	47	0	TPC
0	1	2	2	52	-1	4	36	0	TPC
0	1	2	2	53	-1	4	41	0	TPC
0	1	2	2	54	-1	5	40	0	TPC
0	1	2	2	55	-1	6	38	0	TPC
0	1	2	2	56	-1	-1	-1	0	TPC
0	1	2	2	57	-1	8	46	0	TPC
0	1	2	2	58	-1	4	35	0	TPC
0	1	2	2	59	-1	6	39	0	TPC
0	1	2	2	60	-1	5	39	0	TPC
0	1	2	2	61	-1	7	45	0	TPC
0	1	2	2	62	-1	6	33	0	TPC
0	1	2	2	63	-1	4	37	0	TPC
0	1	2	2	64	-1	6	42	0	TPC
0	1	2	2	65	-1	9	43	0	TPC
0	1	2	2	66	-1	4	40	0	TPC
0	1	2	2	67	-1	5	34	0	TPC
0	1	2	3	0	-1	4	56	0	TPC
0	1	2	3	1	-1	9	50	0	TPC
0	1	2	3	2	-1	9	59	0	TPC
0	1	2	3	3	-1	6	58	0	TPC
0	1	2	3	4	-1	7	63	0	TPC
0	1	2	3	5	-1	7	52	0	TPC
0	1	2	3	6	-1	7	61	0	TPC
0	1	2	3	7	-1	5	55	0	TPC
0	1	2	3	8	-1	9	61	0	TPC
0	1	2	3	9	-1	8	49	0	TPC
0	1	2	3	10	-1	8	62	0	TPC
0	1	2	3	11	-1	-1	-1	0	TPC
0	1	2	3	12	-1	6	54	0	TPC
0	1	2	3	13	-1	8	60	0	TPC
0	1	2	3	14	-1	7	48	0	TPC
0	1	2	3	15	-1	4	52	0	TPC
0	1	2	3	16	-1	9	63	0	TPC
0	1	2	3	17	-1	8	63	0	TPC
0	1	2	3	18	-1	7	59	0	TPC
0	1	2	3	19	-1	8	54	0	TPC
0	1	2	3	20	-1	8	48	0	TPC
0	1	2	3	21	-1	9	57	0	TPC
0	1	2	3	22	-1	-1	-1	0	TPC
0	1	2	3	23	-1	7	62	0	TPC
0	1	2	3	24	-1	5	51	0	TPC
0	1	2	3	25	-1	9	49	0	TPC
0	1	2	3	26	-1	8	56	0	TPC
0	1	2	3	27	-1	9	60	0	TPC
0	1	2	3	28	-1	6	50	0	TPC
0	1	2	3	29	-1	7	51	0	TPC
0	1	2	3	30	-1	7	55	0	TPC
0	1	2	3	31	-1	9	53	0	TPC
0	1	2	3	32	-1	8	52	0	TPC
0	1	2	3	33	-1	4	48	0	TPC
0	1	2	3	34	-1	8	59	0	TPC
0	1	2	3	35	-1	7	58	0	TPC
0	1	2	3	36	-1	4	50	0	TPC
0	1	2	3	37	-1	7	49	0	TPC
0	1	2	3	38	-1	9	62	0	TPC
0	1	2	3	39	-1	8	61	0	TPC
0	1	2	3	40	-1	6	52	0	TPC
0	1	2	3	41	-1	8	50	0	TPC
0	1	2	3	42	-1	9	56	0	TPC
0	1	2	3	43	-1	7	60	0	TPC
0	1	2	3	44	-1	5	49	0	TPC
0	1	2	3	45	-1	-1	-1	0	TPC
0	1	2	3	46	-1	9	51	0	TPC
0	1	2	3	47	-1	8	55	0	TPC
0	1	2	3	48	-1	9	58	0	TPC
0	1	2	3	49	-1	6	48	0	TPC
0	1	2	3	50	-1	7	53	0	TPC
0	1	2	3	51	-1	8	57	0	TPC
0	1	2	3	52	-1	7	54	0	TPC
0	1	2	3	53	-1	5	63	0	TPC
0	1	2	3	54	-1	6	62	0	TPC
0	1	2	3	55	-1	9	52	0	TPC
0	1	2	3	56	-1	-1	-1	0	TPC
0	1	2	3	57	-1	7	56	0	TPC
0	1	2	3	58	-1	9	55	0	TPC
0	1	2	3	59	-1	4	60	0	TPC
0	1	2	3	60	-1	8	51	0	TPC
0	1	2	3	61	-1	9	54	0	TPC
0	1	2	3	62	-1	8	58	0	TPC
0	1	2	3	63	-1	5	59	0	TPC
0	1	2	3	64	-1	9	48	0	TPC
0	1	2	3	65	-1	8	53	0	TPC
0	1	2	3	66	-1	7	50	0	TPC
0	1	2	3	67	-1	7	57	0	TPC
0	1	3	0	0	-1	0	8	0	TPC
0	1	3	0	1	-1	3	2	0	TPC
0	1	3	0	2	-1	3	11	0	TPC
0	1	3	0	3	-1	0	12	0	TPC
0	1	3	0	4	-1	1	15	0	TPC
0	1	3	0	5	-1	1	4	0	TPC
0	1	3	0	6	-1	1	13	0	TPC
0	1	3	0	7	-1	0	4	0	TPC
0	1	3	0	8	-1	3	13	0	TPC
0	1	3	0	9	-1	2	1	0	TPC
0	1	3	0	10	-1	2	14	0	TPC
0	1	3	0	11	-1	-1	-1	0	TPC
0	1	3	0	12	-1	0	0	0	TPC
0	1	3	0	13	-1	2	12	0	TPC
0	1	3	0	14	-1	1	0	0	TPC
0	1	3	0	15	-1	0	14	0	TPC
0	1	3	0	16	-1	3	15	0	TPC
0	1	3	0	17	-1	2	15	0	TPC
0	1	3	0	18	-1	1	11	0	TPC
0	1	3	0	19	-1	2	6	0	TPC
0	1	3	0	20	-1	2	0	0	TPC
0	1	3	0	21	-1	3	9	0	TPC
0	1	3	0	22	-1	-1	-1	0	TPC
0	1	3	0	23	-1	1	14	0	TPC
0	1	3	0	24	-1	0	10	0	TPC
0	1	3	0	25	-1	3	1	0	TPC
0	1	3	0	26	-1	2	8	0	TPC
0	1	3	0	27	-1	3	12	0	TPC
0	1	3	0	28	-1	0	6	0	TPC
0	1	3	0	29	-1	1	3	0	TPC
0	1	3	0	30	-1	1	7	0	TPC
0	1	3	0	31	-1	3	5	0	TPC
0	1	3	0	32	-1	2	4	0	TPC
0	1	3	0	33	-1	0	2	0	TPC
0	1	3	0	34	-1	2	11	0	TPC
0	1	3	0	35	-1	1	10	0	TPC
0	1	3	0	36	-1	0	11	0	TPC
0	1	3	0	37	-1	1	1	0	TPC
0	1	3	0	38	-1	3	14	0	TPC
0	1	3	0	39	-1	2	13	0	TPC
0	1	3	0	40	-1	0	15	0	TPC
0	1	3	0	41	-1	2	2	0	TPC
0	1	3	0	42	-1	3	8	0	TPC
0	1	3	0	43	-1	1	12	0	TPC
0	1	3	0	44	-1	0	7	0	TPC
0	1	3	0	45	-1	-1	-1	0	TPC
0	1	3	0	46	-1	3	3	0	TPC
0	1	3	0	47	-1	2	7	0	TPC
0	1	3	0	48	-1	3	10	0	TPC
0	1	3	0	49	-1	0	3	0	TPC
0	1	3	0	50	-1	1	5	0	TPC
0	1	3	0	51	-1	2	9	0	TPC
0	1	3	0	52	-1	1	6	0	TPC
0	1	3	0	53	-1	0	13	0	TPC
0	1	3	0	54	-1	0	9	0	TPC
0	1	3	0	55	-1	3	4	0	TPC
0	1	3	0	56	-1	-1	-1	0	TPC
0	1	3	0	57	-1	1	8	0	TPC
0	1	3	0	58	-1	3	7	0	TPC
0	1	3	0	59	-1	0	5	0	TPC
0	1	3	0	60	-1	2	3	0	TPC
0	1	3	0	61	-1	3	6	0	TPC
0	1	3	0	62	-1	2	10	0	TPC
0	1	3	0	63	-1	0	1	0	TPC
0	1	3	0	64	-1	3	0	0	TPC
0	1	3	0	65	-1	2	5	0	TPC
0	1	3	0	66	-1	1	2	0	TPC
0	1	3	0	67	-1	1	9	0	TPC
0	1	3	1	0	-1	0	24	0	TPC
0	1	3	1	1	-1	3	18	0	TPC
0	1	3	1	2	-1	3	27	0	TPC
0	1	3	1	3	-1	0	28	0	TPC
0	1	3	1	4	-1	1	31	0	TPC
0	1	3	1	5	-1	1	20	0	TPC
0	1	3	1	6	-1	1	29	0	TPC
0	1	3	1	7	-1	0	20	0	TPC
0	1	3	1	8	-1	3	29	0	TPC
0	1	3	1	9	-1	2	17	0	TPC
0	1	3	1	10	-1	2	30	0	TPC
0	1	3	1	11	-1	-1	-1	0	TPC
0	1	3	1	12	-1	0	16	0	TPC
0	1	3	1	13	-1	2	28	0	TPC
0	1	3	1	14	-1	1	16	0	TPC
0	1	3	1	15	-1	0	30	0	TPC
0	1	3	1	16	-1	3	31	0	TPC
0	1	3	1	17	-1	2	31	0	TPC
0	1	3	1	18	-1	1	27	0	TPC
0	1	3	1	19	-1	2	22	0	TPC
0	1	3	1	20	-1	2	16	0	TPC
0	1	3	1	21	-1	3	25	0	TPC
0	1	3	1	22	-1	-1	-1	0	TPC
0	1	3	1	23	-1	1	30	0	TPC
0	1	3	1	24	-1	0	26	0	TPC
0	1	3	1	25	-1	3	17	0	TPC
0	1	3	1	26	-1	2	24	0	TPC
0	1	3	1	27	-1	3	28	0	TPC
0	1	3	1	28	-1	0	22	0	TPC
0	1	3	1	29	-1	1	19	0	TPC
0	1	3	1	30	-1	1	23	0	TPC
0	1	3	1	31	-1	3	21	0	TPC
0	1	3	1	32	-1	2	20	0	TPC
0	1	3	1	33	-1	0	18	0	TPC
0	1	3	1	34	-1	2	27	0	TPC
0	1	3	1	35	-1	1	26	0	TPC
0	1	3	1	36	-1	0	27	0	TPC
0	1	3	1	37	-1	1	17	0	TPC
0	1	3	1	38	-1	3	30	0	TPC
0	1	3	1	39	-1	2	29	0	TPC
0	1	3	1	40	-1	0	31	0	TPC
0	1	3	1	41	-1	2	18	0	TPC
0	1	3	1	42	-1	3	24	0	TPC
0	1	3	1	43	-1	1	28	0	TPC
0	1	3	1	44	-1	0	23	0	TPC
0	1	3	1	45	-1	-1	-1	0	TPC
0	1	3	1	46	-1	3	19	0	TPC
0	1	3	1	47	-1	2	23	0	TPC
0	1	3	1	48	-1	3	26	0	TPC
0	1	3	1	49	-1	0	19	0	TPC
0	1	3	1	50	-1	1	21	0	TPC
0	1	3	1	51	-1	2	25	0	TPC
0	1	3	1	52	-1	1	22	0	TPC
0	1	3	1	53	-1	0	29	0	TPC
0	1	3	1	54	-1	0	25	0	TPC
0	1	3	1	55	-1	3	20	0	TPC
0	1	3	1	56	-1	-1	-1	0	TPC
0	1	3	1	57	-1	1	24	0	TPC
0	1	3	1	58	-1	3	23	0	TPC
0	1	3	1	59	-1	0	21	0	TPC
0	1	3	1	60	-1	2	19	0	TPC
0	1	3	1	61	-1	3	22	0	TPC
0	1	3	1	62	-1	2	26	0	TPC
0	1	3	1	63	-1	0	17	0	TPC
0	1	3	1	64	-1	3	16	0	TPC
0	1	3	1	65	-1	2	21	0	TPC
0	1	3	1	66	-1	1	18	0	TPC
0	1	3	1	67	-1	1	25	0	TPC
0	1	3	2	0	-1	0	40	0	TPC
0	1	3	2	1	-1	3	34	0	TPC
0	1	3	2	2	-1	3	43	0	TPC
0	1	3	2	3	-1	0	44	0	TPC
0	1	3	2	4	-1	1	47	0	TPC
0	1	3	2	5	-1	1	36	0	TPC
0	1	3	2	6	-1	1	45	0	TPC
0	1	3	2	7	-1	0	36	0	TPC
0	1	3	2	8	-1	3	45	0	TPC
0	1	3	2	9	-1	2	33	0	TPC
0	1	3	2	10	-1	2	46	0	TPC
0	1	3	2	11	-1	-1	-1	0	TPC
0	1	3	2	12	-1	0	32	0	TPC
0	1	3	2	13	-1	2	44	0	TPC
0	1	3	2	14	-1	1	32	0	TPC
0	1	3	2	15	-1	0	46	0	TPC
0	1	3	2	16	-1	3	47	0	TPC
0	1	3	2	17	-1	2	47	0	TPC
0	1	3	2	18	-1	1	43	0	TPC
0	1	3	2	19	-1	2	38	0	TPC
0	1	3	2	20	-1	2	32	0	TPC
0	1	3	2	21	-1	3	41	0	TPC
0	1	3	2	22	-1	-1	-1	0	TPC
0	1	3	2	23	-1	1	46	0	TPC
0	1	3	2	24	-1	0	42	0	TPC
0	1	3	2	25	-1	3	33	0	TPC
0	1	3	2	26	-1	2	40	0	TPC
0	1	3	2	27	-1	3	44	0	TPC
0	1	3	2	28	-1	0	38	0	TPC
0	1	3	2	29	-1	1	35	0	TPC
0	1	3	2	30	-1	1	39	0	TPC
0	1	3	2	31	-1	3	37	0	TPC
0	1	3	2	32	-1	2	36	0	TPC
0	1	3	2	33	-1	0	34	0	TPC
0	1	3	2	34	-1	2	43	0	TPC
0	1	3	2	35	-1	1	42	0	TPC
0	1	3	2	36	-1	0	43	0	TPC
0	1	3	2	37	-1	1	33	0	TPC
0	1	3	2	38	-1	3	46	0	TPC
0	1	3	2	39	-1	2	45	0	TPC
0	1	3	2	40	-1	0	47	0	TPC
0	1	3	2	41	-1	2	34	0	TPC
0	1	3	2	42	-1	3	40	0	TPC
0	1	3	2	43	-1	1	44	0	TPC
0	1	3	2	44	-1	0	39	0	TPC
0	1	3	2	45	-1	-1	-1	0	TPC
0	1	3	2	46	-1	3	35	0	TPC
0	1	3	2	47	-1	2	39	0	TPC
0	1	3	2	48	-1	3	42	0	TPC
0	1	3	2	49	-1	0	35	0	TPC
0	1	3	2	50	-1	1	37	0	TPC
0	1	3	2	51	-1	2	41	0	TPC
0	1	3	2	52	-1	1	38	0	TPC
0	1	3	2	53	-1	0	45	0	TPC
0	1	3	2	54	-1	0	41	0	TPC
0	1	3	2	55	-1	3	36	0	TPC
0	1	3	2	56	-1	-1	-1	0	TPC
0	1	3	2	57	-1	1	40	0	TPC
0	1	3	2	58	-1	3	39	0	TPC
0	1	3	2	59	-1	0	37	0	TPC
0	1	3	2	60	-1	2	35	0	TPC
0	1	3	2	61	-1	3	38	0	TPC
0	1	3	2	62	-1	2	42	0	TPC
0	1	3	2	63	-1	0	33	0	TPC
0	1	3	2	64	-1	3	32	0	TPC
0	1	3	2	65	-1	2	37	0	TPC
0	1	3	2	66	-1	1	34	0	TPC
0	1	3	2	67	-1	1	41	0	TPC
0	1	3	3	0	-1	0	56	0	TPC
0	1	3	3	1	-1	3	50	0	TPC
0	1	3	3	2	-1	3	59	0	TPC
0	1	3	3	3	-1	0	60	0	TPC
0	1	3	3	4	-1	1	63	0	TPC
0	1	3	3	5	-1	1	52	0	TPC
0	1	3	3	6	-1	1	61	0	TPC
0	1	3	3	7	-1	0	52	0	TPC
0	1	3	3	8	-1	3	61	0	TPC
0	1	3	3	9	-1	2	49	0	TPC
0	1	3	3	10	-1	2	62	0	TPC
0	1	3	3	11	-1	-1	-1	0	TPC
0	1	3	3	12	-1	0	48	0	TPC
0	1	3	3	13	-1	2	60	0	TPC
0	1	3	3	14	-1	1	48	0	TPC
0	1	3	3	15	-1	0	62	0	TPC
0	1	3	3	16	-1	3	63	0	TPC
0	1	3	3	17	-1	2	63	0	TPC
0	1	3	3	18	-1	1	59	0	TPC
0	1	3	3	19	-1	2	54	0	TPC
0	1	3	3	20	-1	2	48	0	TPC
0	1	3	3	21	-1	3	57	0	TPC
0	1	3	3	22	-1	-1	-1	0	TPC
0	1	3	3	23	-1	1	62	0	TPC
0	1	3	3	24	-1	0	58	0	TPC
0	1	3	3	25	-1	3	49	0	TPC
0	1	3	3	26	-1	2	56	0	TPC
0	1	3	3	27	-1	3	60	0	TPC
0	1	3	3	28	-1	0	54	0	TPC
0	1	3	3	29	-1	1	51	0	TPC
0	1	3	3	30	-1	1	55	0	TPC
0	1	3	3	31	-1	3	53	0	TPC
0	1	3	3	32	-1	2	52	0	TPC
0	1	3	3	33	-1	0	50	0	TPC
0	1	3	3	34	-1	2	59	0	TPC
0	1	3	3	35	-1	1	58	0	TPC
0	1	3	3	36	-1	0	59	0	TPC
0	1	3	3	37	-1	1	49	0	TPC
0	1	3	3	38	-1	3	62	0	TPC
0	1	3	3	39	-1	2	61	0	TPC
0	1	3	3	40	-1	0	63	0	TPC
0	1	3	3	41	-1	2	50	0	TPC
0	1	3	3	42	-1	3	56	0	TPC
0	1	3	3	43	-1	1	60	0	TPC
0	1	3	3	44	-1	0	55	0	TPC
0	1	3	3	45	-1	-1	-1	0	TPC
0	1	3	3	46	-1	3	51	0	TPC
0	1	3	3	47	-1	2	55	0	TPC
0	1	3	3	48	-1	3	58	0	TPC
0	1	3	3	49	-1	0	51	0	TPC
0	1	3	3	50	-1	1	53	0	TPC
0	1	3	3	51	-1	2	57	0	TPC
0	1	3	3	52	-1	1	54	0	TPC
0	1	3	3	53	-1	0	61	0	TPC
0	1	3	3	54	-1	0	57	0	TPC
0	1	3	3	55	-1	3	52	0	TPC
0	1	3	3	56	-1	-1	-1	0	TPC
0	1	3	3	57	-1	1	56	0	TPC
0	1	3	3	58	-1	3	55	0	TPC
0	1	3	3	59	-1	0	53	0	TPC
0	1	3	3	60	-1	2	51	0	TPC
0	1	3	3	61	-1	3	54	0	TPC
0	1	3	3	62	-1	2	58	0	TPC
0	1	3	3	63	-1	0	49	0	TPC
0	1	3	3	64	-1	3	48	0	TPC
0	1	3	3	65	-1	2	53	0	TPC
0	1	3	3	66	-1	1	50	0	TPC
0	1	3	3	67	-1	1	57	0	TPC
2	2	0	1	0	2	31	-1	2	DSSD
2	2	0	1	1	3	0	-1	2	DSSD
2	2	0	1	2	2	30	-1	2	DSSD
2	2	0	1	3	3	1	-1	2	DSSD
2	2	0	1	4	2	29	-1	2	DSSD
2	2	0	1	5	3	2	-1	2	DSSD
2	2	0	1	6	2	28	-1	2	DSSD
2	2	0	1	7	3	3	-1	2	DSSD
2	2	0	1	8	2	27	-1	2	DSSD
2	2	0	1	9	3	4	-1	2	DSSD
2	2	0	1	10	2	26	-1	2	DSSD
-1	2	0	1	11	-1	-1	-1	2	DSSD
2	2	0	1	12	3	5	-1	2	DSSD
2	2	0	1	13	2	25	-1	2	DSSD
2	2	0	1	14	3	6	-1	2	DSSD
2	2	0	1	15	2	24	-1	2	DSSD
2	2	0	1	16	3	7	-1	2	DSSD
2	2	0	1	17	2	23	-1	2	DSSD
2	2	0	1	18	3	8	-1	2	DSSD
2	2	0	1	19	2	22	-1	2	DSSD
2	2	0	1	20	3	9	-1	2	DSSD
2	2	0	1	21	2	21	-1	2	DSSD
-1	2	0	1	22	-1	-1	-1	2	DSSD
2	2	0	1	23	3	10	-1	2	DSSD
2	2	0	1	24	2	20	-1	2	DSSD
2	2	0	1	25	3	11	-1	2	DSSD
2	2	0	1	26	2	19	-1	2	DSSD
2	2	0	1	27	3	12	-1	2	DSSD
2	2	0	1	28	2	18	-1	2	DSSD
2	2	0	1	29	3	13	-1	2	DSSD
2	2	0	1	30	2	17	-1	2	DSSD
2	2	0	1	31	3	14	-1	2	DSSD
2	2	0	1	32	2	16	-1	2	DSSD
2	2	0	1	33	3	15	-1	2	DSSD
2	2	0	1	34	2	15	-1	2	DSSD
2	2	0	1	35	3	16	-1	2	DSSD
2	2	0	1	36	2	14	-1	2	DSSD
2	2	0	1	37	3	17	-1	2	DSSD
2	2	0	1	38	2	13	-1	2	DSSD
2	2	0	1	39	3	18	-1	2	DSSD
2	2	0	1	40	2	12	-1	2	DSSD
2	2	0	1	41	3	19	-1	2	DSSD
2	2	0	1	42	2	11	-1	2	DSSD
2	2	0	1	43	3	20	-1	2	DSSD
2	2	0	1	44	2	10	-1	2	DSSD
-1	2	0	1	45	-1	-1	-1	2	DSSD
2	2	0	1	46	3	21	-1	2	DSSD
2	2	0	1	47	2	9	-1	2	DSSD
2	2	0	1	48	3	22	-1	2	DSSD
2	2	0	1	49	2	8	-1	2	DSSD
2	2	0	1	50	3	23	-1	2	DSSD
2	2	0	1	51	2	7	-1	2	DSSD
2	2	0	1	52	3	24	-1	2	DSSD
2	2	0	1	53	2	6	-1	2	DSSD
2	2	0	1	54	3	25	-1	2	DSSD
2	2	0	1	55	2	5	-1	2	DSSD
-1	2	0	1	56	-1	-1	-1	2	DSSD
2	2	0	1	57	3	26	-1	2	DSSD
2	2	0	1	58	2	4	-1	2	DSSD
2	2	0	1	59	3	27	-1	2	DSSD
2	2	0	1	60	2	3	-1	2	DSSD
2	2	0	1	61	3	28	-1	2	DSSD
2	2	0	1	62	2	2	-1	2	DSSD
2	2	0	1	63	3	29	-1	2	DSSD
2	2	0	1	64	2	1	-1	2	DSSD
2	2	0	1	65	3	30	-1	2	DSSD
2	2	0	1	66	2	0	-1	2	DSSD
2	2	0	1	67	3	31	-1	2	DSSD
3	2	1	0	0	3	1	-1	3	OSCAR
3	2	1	0	1	3	2	-1	3	OSCAR
3	2	1	0	2	3	3	-1	3	OSCAR
3	2	1	0	3	3	4	-1	3	OSCAR
3	2	1	0	4	3	5	-1	3	OSCAR
3	2	1	0	5	3	6	-1	3	OSCAR
3	2	1	0	6	3	7	-1	3	OSCAR
3	2	1	0	7	3	8	-1	3	OSCAR
3	2	1	0	8	3	9	-1	3	OSCAR
3	2	1	0	9	3	10	-1	3	OSCAR
3	2	1	0	10	3	11	-1	3	OSCAR
-1	2	1	0	11	3	-1	-1	3	OSCAR
3	2	1	0	12	3	12	-1	3	OSCAR
3	2	1	0	13	3	13	-1	3	OSCAR
3	2	1	0	14	3	14	-1	3	OSCAR
3	2	1	0	15	3	15	-1	3	OSCAR
3	2	1	0	16	3	16	-1	3	OSCAR
3	2	1	0	17	3	17	-1	3	OSCAR
3	2	1	0	18	3	18	-1	3	OSCAR
3	2	1	0	19	3	19	-1	3	OSCAR
3	2	1	0	20	3	20	-1	3	OSCAR
3	2	1	0	21	3	21	-1	3	OSCAR
-1	2	1	0	22	3	-1	-1	3	OSCAR
3	2	1	0	23	3	22	-1	3	OSCAR
3	2	1	0	24	3	23	-1	3	OSCAR
3	2	1	0	25	3	24	-1	3	OSCAR
3	2	1	0	26	3	25	-1	3	OSCAR
3	2	1	0	27	3	26	-1	3	OSCAR
3	2	1	0	28	3	27	-1	3	OSCAR
3	2	1	0	29	3	28	-1	3	OSCAR
3	2	1	0	30	3	29	-1	3	OSCAR
3	2	1	0	31	3	30	-1	3	OSCAR
3	2	1	0	32	3	31	-1	3	OSCAR
3	2	1	0	33	3	32	-1	3	OSCAR
3	2	1	0	34	3	101	-1	3	OSCAR
3	2	1	0	35	3	102	-1	3	OSCAR
3	2	1	0	36	3	103	-1	3	OSCAR
3	2	1	0	37	3	104	-1	3	OSCAR
3	2	1	0	38	3	105	-1	3	OSCAR
3	2	1	0	39	3	106	-1	3	OSCAR
3	2	1	0	40	3	107	-1	3	OSCAR
3	2	1	0	41	3	108	-1	3	OSCAR
3	2	1	0	42	3	109	-1	3	OSCAR
3	2	1	0	43	3	110	-1	3	OSCAR
3	2	1	0	44	3	111	-1	3	OSCAR
-1	2	1	0	45	3	-1	-1	3	OSCAR
3	2	1	0	46	3	112	-1	3	OSCAR
3	2	1	0	47	3	113	-1	3	OSCAR
3	2	1	0	48	3	114	-1	3	OSCAR
3	2	1	0	49	3	115	-1	3	OSCAR
3	2	1	0	50	3	116	-1	3	OSCAR
3	2	1	0	51	3	117	-1	3	OSCAR
3	2	1	0	52	3	118	-1	3	OSCAR
3	2	1	0	53	3	119	-1	3	OSCAR
3	2	1	0	54	3	120	-1	3	OSCAR
3	2	1	0	55	3	121	-1	3	OSCAR
-1	2	1	0	56	3	-1	-1	3	OSCAR
3	2	1	0	57	3	122	-1	3	OSCAR
3	2	1	0	58	3	123	-1	3	OSCAR
3	2	1	0	59	3	124	-1	3	OSCAR
3	2	1	0	60	3	125	-1	3	OSCAR
3	2	1	0	61	3	126	-1	3	OSCAR
3	2	1	0	62	3	127	-1	3	OSCAR
3	2	1	0	63	3	128	-1	3	OSCAR
3	2	1	0	64	3	129	-1	3	OSCAR
3	2	1	0	65	3	130	-1	3	OSCAR
3	2	1	0	66	3	131	-1	3	OSCAR
3	2	1	0	67	3	132	-1	3	OSCAR
3	2	1	1	0	3	33	-1	3	OSCAR
3	2	1	1	1	3	34	-1	3	OSCAR
3	2	1	1	2	3	35	-1	3	OSCAR
3	2	1	1	3	3	36	-1	3	OSCAR
3	2	1	1	4	3	37	-1	3	OSCAR
3	2	1	1	5	3	38	-1	3	OSCAR
3	2	1	1	6	3	39	-1	3	OSCAR
3	2	1	1	7	3	40	-1	3	OSCAR
3	2	1	1	8	3	41	-1	3	OSCAR
3	2	1	1	9	3	42	-1	3	OSCAR
3	2	1	1	10	3	43	-1	3	OSCAR
-1	2	1	1	11	3	-1	-1	3	OSCAR
3	2	1	1	12	3	44	-1	3	OSCAR
3	2	1	1	13	3	45	-1	3	OSCAR
3	2	1	1	14	3	46	-1	3	OSCAR
3	2	1	1	15	3	47	-1	3	OSCAR
3	2	1	1	16	3	48	-1	3	OSCAR
3	2	1	1	17	3	49	-1	3	OSCAR
3	2	1	1	18	3	50	-1	3	OSCAR
3	2	1	1	19	3	51	-1	3	OSCAR
3	2	1	1	20	3	52	-1	3	OSCAR
3	2	1	1	21	3	53	-1	3	OSCAR
-1	2	1	1	22	3	-1	-1	3	OSCAR
3	2	1	1	23	3	54	-1	3	OSCAR
3	2	1	1	24	3	55	-1	3	OSCAR
3	2	1	1	25	3	56	-1	3	OSCAR
3	2	1	1	26	3	57	-1	3	OSCAR
3	2	1	1	27	3	58	-1	3	OSCAR
3	2	1	1	28	3	59	-1	3	OSCAR
3	2	1	1	29	3	60	-1	3	OSCAR
3	2	1	1	30	3	61	-1	3	OSCAR
3	2	1	1	31	3	62	-1	3	OSCAR
3	2	1	1	32	3	63	-1	3	OSCAR
3	2	1	1	33	3	64	-1	3	OSCAR
3	2	1	1	34	3	133	-1	3	OSCAR
3	2	1	1	35	3	134	-1	3	OSCAR
3	2	1	1	36	3	135	-1	3	OSCAR
3	2	1	1	37	3	136	-1	3	OSCAR
3	2	1	1	38	3	137	-1	3	OSCAR
3	2	1	1	39	3	138	-1	3	OSCAR
3	2	1	1	40	3	139	-1	3	OSCAR
3	2	1	1	41	3	140	-1	3	OSCAR
3	2	1	1	42	3	141	-1	3	OSCAR
3	2	1	1	43	3	142	-1	3	OSCAR
3	2	1	1	44	3	143	-1	3	OSCAR
-1	2	1	1	45	3	-1	-1	3	OSCAR
3	2	1	1	46	3	144	-1	3	OSCAR
3	2	1	1	47	3	145	-1	3	OSCAR
3	2	1	1	48	3	146	-1	3	OSCAR
3	2	1	1	49	3	147	-1	3	OSCAR
3	2	1	1	50	3	148	-1	3	OSCAR
3	2	1	1	51	3	149	-1	3	OSCAR
3	2	1	1	52	3	150	-1	3	OSCAR
3	2	1	1	53	3	151	-1	3	OSCAR
3	2	1	1	54	3	152	-1	3	OSCAR
3	2	1	1	55	3	153	-1	3	OSCAR
-1	2	1	1	56	3	-1	-1	3	OSCAR
3	2	1	1	57	3	154	-1	3	OSCAR
3	2	1	1	58	3	155	-1	3	OSCAR
3	2	1	1	59	3	156	-1	3	OSCAR
3	2	1	1	60	3	157	-1	3	OSCAR
3	2	1	1	61	3	158	-1	3	OSCAR
3	2	1	1	62	3	159	-1	3	OSCAR
3	2	1	1	63	3	160	-1	3	OSCAR
3	2	1	1	64	3	161	-1	3	OSCAR
3	2	1	1	65	3	162	-1	3	OSCAR
3	2	1	1	66	3	163	-1	3	OSCAR
3	2	1	1	67	3	164	-1	3	OSCAR
3	2	1	2	0	3	65	-1	3	OSCAR
3	2	1	2	1	3	66	-1	3	OSCAR
3	2	1	2	2	3	67	-1	3	OSCAR
3	2	1	2	3	3	68	-1	3	OSCAR
3	2	1	2	4	3	69	-1	3	OSCAR
3	2	1	2	5	3	70	-1	3	OSCAR
3	2	1	2	6	3	71	-1	3	OSCAR
3	2	1	2	7	3	72	-1	3	OSCAR
3	2	1	2	8	3	73	-1	3	OSCAR
3	2	1	2	9	3	74	-1	3	OSCAR
3	2	1	2	10	3	75	-1	3	OSCAR
-1	2	1	2	11	3	-1	-1	3	OSCAR
3	2	1	2	12	3	76	-1	3	OSCAR
3	2	1	2	13	3	77	-1	3	OSCAR
3	2	1	2	14	3	78	-1	3	OSCAR
3	2	1	2	15	3	79	-1	3	OSCAR
3	2	1	2	16	3	80	-1	3	OSCAR
3	2	1	2	17	3	165	-1	3	OSCAR
3	2	1	2	18	3	166	-1	3	OSCAR
3	2	1	2	19	3	167	-1	3	OSCAR
3	2	1	2	20	3	168	-1	3	OSCAR
3	2	1	2	21	3	169	-1	3	OSCAR
-1	2	1	2	22	3	-1	-1	3	OSCAR
3	2	1	2	23	3	170	-1	3	OSCAR
3	2	1	2	24	3	171	-1	3	OSCAR
3	2	1	2	25	3	172	-1	3	OSCAR
3	2	1	2	26	3	173	-1	3	OSCAR
3	2	1	2	27	3	174	-1	3	OSCAR
3	2	1	2	28	3	175	-1	3	OSCAR
3	2	1	2	29	3	176	-1	3	OSCAR
3	2	1	2	30	3	177	-1	3	OSCAR
3	2	1	2	31	3	178	-1	3	OSCAR
3	2	1	2	32	3	179	-1	3	OSCAR
3	2	1	2	33	3	180	-1	3	OSCAR
3	2	1	2	34	3	-1	-1	3	OSCAR
3	2	1	2	35	3	-1	-1	3	OSCAR
3	2	1	2	36	3	-1	-1	3	OSCAR
3	2	1	2	37	3	-1	-1	3	OSCAR
3	2	1	2	38	3	-1	-1	3	OSCAR
3	2	1	2	39	3	-1	-1	3	OSCAR
3	2	1	2	40	3	-1	-1	3	OSCAR
3	2	1	2	41	3	-1	-1	3	OSCAR
3	2	1	2	42	3	-1	-1	3	OSCAR
3	2	1	2	43	3	-1	-1	3	OSCAR
3	2	1	2	44	3	-1	-1	3	OSCAR
-1	2	1	2	45	3	-1	-1	3	OSCAR
3	2	1	2	46	3	-1	-1	3	OSCAR
3	2	1	2	47	3	-1	-1	3	OSCAR
3	2	1	2	48	3	-1	-1	3	OSCAR
3	2	1	2	49	3	-1	-1	3	OSCAR
3	2	1	2	50	3	-1	-1	3	OSCAR
3	2	1	2	51	3	-1	-1	3	OSCAR
3	2	1	2	52	3	-1	-1	3	OSCAR
3	2	1	2	53	3	-1	-1	3	OSCAR
3	2	1	2	54	3	-1	-1	3	OSCAR
3	2	1	2	55	3	-1	-1	3	OSCAR
-1	2	1	2	56	3	-1	-1	3	OSCAR
3	2	1	2	57	3	-1	-1	3	OSCAR
3	2	1	2	58	3	-1	-1	3	OSCAR
3	2	1	2	59	3	-1	-1	3	OSCAR
3	2	1	2	60	3	-1	-1	3	OSCAR
3	2	1	2	61	3	-1	-1	3	OSCAR
3	2	1	2	62	3	-1	-1	3	OSCAR
3	2	1	2	63	3	-1	-1	3	OSCAR
3	2	1	2	64	3	-1	-1	3	OSCAR
3	2	1	2	65	3	-1	-1	3	OSCAR
3	2	1	2	66	3	-1	-1	3	OSCAR
3	2	1	2	67	3	-1	-1	3	OSCAR
