pad	cobo	asad	aget	chan	row	col
-1		3	0	0	0	-1	-1
-1		3	0	0	1	-1	-1
-1		3	0	0	2	-1	-1
-1		3	0	0	3	-1	-1
-1		3	0	0	4	-1	-1
-1		3	0	0	5	-1	-1
-1		3	0	0	6	-1	-1
-1		3	0	0	7	-1	-1
-1		3	0	0	8	-1	-1
-1		3	0	0	9	-1	-1
-1		3	0	0	10	-1	-1
-1		3	0	0	11	-1	-1
-1		3	0	0	12	-1	-1
-1		3	0	0	13	-1	-1
-1		3	0	0	14	-1	-1
-1		3	0	0	15	-1	-1
-1		3	0	0	16	-1	-1
-1		3	0	0	17	-1	-1
-1		3	0	0	18	-1	-1
-1		3	0	0	19	-1	-1
-1		3	0	0	20	-1	-1
-1		3	0	0	21	-1	-1
-1		3	0	0	22	-1	-1
-1		3	0	0	23	0	0
-1		3	0	0	24	-1	-1
-1		3	0	0	25	-1	-1
-1		3	0	0	26	-1	-1
-1		3	0	0	27	0	1
-1		3	0	0	28	-1	-1
-1		3	0	0	29	-1	-1
-1		3	0	0	30	-1	-1
-1		3	0	0	31	0	2
-1		3	0	0	32	-1	-1
-1		3	0	0	33	-1	-1
-1		3	0	0	34	-1	-1
-1		3	0	0	35	0	3
-1		3	0	0	36	-1	-1
-1		3	0	0	37	-1	-1
-1		3	0	0	38	-1	-1
-1		3	0	0	39	0	4
-1		3	0	0	40	-1	-1
-1		3	0	0	41	-1	-1
-1		3	0	0	42	-1	-1
-1		3	0	0	43	0	5
-1		3	0	0	44	-1	-1
-1		3	0	0	45	-1	-1
-1		3	0	0	46	-1	-1
-1		3	0	0	47	-1	-1
-1		3	0	0	48	-1	-1
-1		3	0	0	49	-1	-1
-1		3	0	0	50	-1	-1
-1		3	0	0	51	-1	-1
-1		3	0	0	52	-1	-1
-1		3	0	0	53	-1	-1
-1		3	0	0	54	-1	-1
-1		3	0	0	55	-1	-1
-1		3	0	0	56	-1	-1
-1		3	0	0	57	-1	-1
-1		3	0	0	58	-1	-1
-1		3	0	0	59	-1	-1
-1		3	0	0	60	-1	-1
-1		3	0	0	61	-1	-1
-1		3	0	0	62	-1	-1
-1		3	0	0	63	-1	-1
-1		3	0	0	64	-1	-1
-1		3	0	0	65	-1	-1
-1		3	0	0	66	-1	-1
-1		3	0	0	67	-1	-1
-1		3	0	1	0	-1	-1
-1		3	0	1	1	-1	-1
-1		3	0	1	2	-1	-1
-1		3	0	1	3	-1	-1
-1		3	0	1	4	-1	-1
-1		3	0	1	5	-1	-1
-1		3	0	1	6	-1	-1
-1		3	0	1	7	-1	-1
-1		3	0	1	8	-1	-1
-1		3	0	1	9	-1	-1
-1		3	0	1	10	-1	-1
-1		3	0	1	11	-1	-1
-1		3	0	1	12	-1	-1
-1		3	0	1	13	-1	-1
-1		3	0	1	14	-1	-1
-1		3	0	1	15	-1	-1
-1		3	0	1	16	-1	-1
-1		3	0	1	17	-1	-1
-1		3	0	1	18	-1	-1
-1		3	0	1	19	-1	-1
-1		3	0	1	20	-1	-1
-1		3	0	1	21	-1	-1
-1		3	0	1	22	-1	-1
-1		3	0	1	23	-1	-1
-1		3	0	1	24	-1	-1
-1		3	0	1	25	-1	-1
-1		3	0	1	26	-1	-1
-1		3	0	1	27	-1	-1
-1		3	0	1	28	-1	-1
-1		3	0	1	29	-1	-1
-1		3	0	1	30	-1	-1
-1		3	0	1	31	-1	-1
-1		3	0	1	32	-1	-1
-1		3	0	1	33	-1	-1
-1		3	0	1	34	-1	-1
-1		3	0	1	35	-1	-1
-1		3	0	1	36	-1	-1
-1		3	0	1	37	-1	-1
-1		3	0	1	38	-1	-1
-1		3	0	1	39	-1	-1
-1		3	0	1	40	-1	-1
-1		3	0	1	41	-1	-1
-1		3	0	1	42	-1	-1
-1		3	0	1	43	-1	-1
-1		3	0	1	44	-1	-1
-1		3	0	1	45	-1	-1
-1		3	0	1	46	-1	-1
-1		3	0	1	47	-1	-1
-1		3	0	1	48	-1	-1
-1		3	0	1	49	-1	-1
-1		3	0	1	50	-1	-1
-1		3	0	1	51	-1	-1
-1		3	0	1	52	-1	-1
-1		3	0	1	53	-1	-1
-1		3	0	1	54	-1	-1
-1		3	0	1	55	-1	-1
-1		3	0	1	56	-1	-1
-1		3	0	1	57	-1	-1
-1		3	0	1	58	-1	-1
-1		3	0	1	59	-1	-1
-1		3	0	1	60	-1	-1
-1		3	0	1	61	-1	-1
-1		3	0	1	62	-1	-1
-1		3	0	1	63	-1	-1
-1		3	0	1	64	-1	-1
-1		3	0	1	65	-1	-1
-1		3	0	1	66	-1	-1
-1		3	0	1	67	-1	-1
-1		3	0	2	0	-1	-1
-1		3	0	2	1	-1	-1
-1		3	0	2	2	-1	-1
-1		3	0	2	3	-1	-1
-1		3	0	2	4	-1	-1
-1		3	0	2	5	-1	-1
-1		3	0	2	6	-1	-1
-1		3	0	2	7	-1	-1
-1		3	0	2	8	-1	-1
-1		3	0	2	9	-1	-1
-1		3	0	2	10	-1	-1
-1		3	0	2	11	-1	-1
-1		3	0	2	12	-1	-1
-1		3	0	2	13	-1	-1
-1		3	0	2	14	-1	-1
-1		3	0	2	15	-1	-1
-1		3	0	2	16	-1	-1
-1		3	0	2	17	-1	-1
-1		3	0	2	18	-1	-1
-1		3	0	2	19	-1	-1
-1		3	0	2	20	-1	-1
-1		3	0	2	21	-1	-1
-1		3	0	2	22	-1	-1
-1		3	0	2	23	-1	-1
-1		3	0	2	24	-1	-1
-1		3	0	2	25	-1	-1
-1		3	0	2	26	-1	-1
-1		3	0	2	27	-1	-1
-1		3	0	2	28	-1	-1
-1		3	0	2	29	-1	-1
-1		3	0	2	30	-1	-1
-1		3	0	2	31	-1	-1
-1		3	0	2	32	-1	-1
-1		3	0	2	33	-1	-1
-1		3	0	2	34	-1	-1
-1		3	0	2	35	-1	-1
-1		3	0	2	36	-1	-1
-1		3	0	2	37	-1	-1
-1		3	0	2	38	-1	-1
-1		3	0	2	39	-1	-1
-1		3	0	2	40	-1	-1
-1		3	0	2	41	-1	-1
-1		3	0	2	42	-1	-1
-1		3	0	2	43	-1	-1
-1		3	0	2	44	-1	-1
-1		3	0	2	45	-1	-1
-1		3	0	2	46	-1	-1
-1		3	0	2	47	-1	-1
-1		3	0	2	48	-1	-1
-1		3	0	2	49	-1	-1
-1		3	0	2	50	-1	-1
-1		3	0	2	51	-1	-1
-1		3	0	2	52	-1	-1
-1		3	0	2	53	-1	-1
-1		3	0	2	54	-1	-1
-1		3	0	2	55	-1	-1
-1		3	0	2	56	-1	-1
-1		3	0	2	57	-1	-1
-1		3	0	2	58	-1	-1
-1		3	0	2	59	-1	-1
-1		3	0	2	60	-1	-1
-1		3	0	2	61	-1	-1
-1		3	0	2	62	-1	-1
-1		3	0	2	63	-1	-1
-1		3	0	2	64	-1	-1
-1		3	0	2	65	-1	-1
-1		3	0	2	66	-1	-1
-1		3	0	2	67	-1	-1
-1		3	0	3	0	-1	-1
-1		3	0	3	1	-1	-1
-1		3	0	3	2	-1	-1
-1		3	0	3	3	-1	-1
-1		3	0	3	4	-1	-1
-1		3	0	3	5	-1	-1
-1		3	0	3	6	-1	-1
-1		3	0	3	7	-1	-1
-1		3	0	3	8	-1	-1
-1		3	0	3	9	-1	-1
-1		3	0	3	10	-1	-1
-1		3	0	3	11	-1	-1
-1		3	0	3	12	-1	-1
-1		3	0	3	13	-1	-1
-1		3	0	3	14	-1	-1
-1		3	0	3	15	-1	-1
-1		3	0	3	16	-1	-1
-1		3	0	3	17	-1	-1
-1		3	0	3	18	-1	-1
-1		3	0	3	19	-1	-1
-1		3	0	3	20	-1	-1
-1		3	0	3	21	-1	-1
-1		3	0	3	22	-1	-1
-1		3	0	3	23	1	0
-1		3	0	3	24	-1	-1
-1		3	0	3	25	-1	-1
-1		3	0	3	26	-1	-1
-1		3	0	3	27	1	1
-1		3	0	3	28	-1	-1
-1		3	0	3	29	-1	-1
-1		3	0	3	30	-1	-1
-1		3	0	3	31	1	2
-1		3	0	3	32	-1	-1
-1		3	0	3	33	-1	-1
-1		3	0	3	34	-1	-1
-1		3	0	3	35	1	3
-1		3	0	3	36	-1	-1
-1		3	0	3	37	-1	-1
-1		3	0	3	38	-1	-1
-1		3	0	3	39	1	4
-1		3	0	3	40	-1	-1
-1		3	0	3	41	-1	-1
-1		3	0	3	42	-1	-1
-1		3	0	3	43	1	5
-1		3	0	3	44	-1	-1
-1		3	0	3	45	-1	-1
-1		3	0	3	46	-1	-1
-1		3	0	3	47	-1	-1
-1		3	0	3	48	-1	-1
-1		3	0	3	49	-1	-1
-1		3	0	3	50	-1	-1
-1		3	0	3	51	-1	-1
-1		3	0	3	52	-1	-1
-1		3	0	3	53	-1	-1
-1		3	0	3	54	-1	-1
-1		3	0	3	55	-1	-1
-1		3	0	3	56	-1	-1
-1		3	0	3	57	-1	-1
-1		3	0	3	58	-1	-1
-1		3	0	3	59	-1	-1
-1		3	0	3	60	-1	-1
-1		3	0	3	61	-1	-1
-1		3	0	3	62	-1	-1
-1		3	0	3	63	-1	-1
-1		3	0	3	64	-1	-1
-1		3	0	3	65	-1	-1
-1		3	0	3	66	-1	-1
-1		3	0	3	67	-1	-1
-1		3	1	0	0	-1	-1
-1		3	1	0	1	-1	-1
-1		3	1	0	2	-1	-1
-1		3	1	0	3	-1	-1
-1		3	1	0	4	-1	-1
-1		3	1	0	5	-1	-1
-1		3	1	0	6	-1	-1
-1		3	1	0	7	-1	-1
-1		3	1	0	8	-1	-1
-1		3	1	0	9	-1	-1
-1		3	1	0	10	-1	-1
-1		3	1	0	11	-1	-1
-1		3	1	0	12	-1	-1
-1		3	1	0	13	-1	-1
-1		3	1	0	14	-1	-1
-1		3	1	0	15	-1	-1
-1		3	1	0	16	-1	-1
-1		3	1	0	17	-1	-1
-1		3	1	0	18	-1	-1
-1		3	1	0	19	-1	-1
-1		3	1	0	20	-1	-1
-1		3	1	0	21	-1	-1
-1		3	1	0	22	-1	-1
-1		3	1	0	23	-1	-1
-1		3	1	0	24	-1	-1
-1		3	1	0	25	-1	-1
-1		3	1	0	26	-1	-1
-1		3	1	0	27	-1	-1
-1		3	1	0	28	-1	-1
-1		3	1	0	29	-1	-1
-1		3	1	0	30	-1	-1
-1		3	1	0	31	-1	-1
-1		3	1	0	32	-1	-1
-1		3	1	0	33	-1	-1
-1		3	1	0	34	-1	-1
-1		3	1	0	35	-1	-1
-1		3	1	0	36	-1	-1
-1		3	1	0	37	-1	-1
-1		3	1	0	38	-1	-1
-1		3	1	0	39	-1	-1
-1		3	1	0	40	-1	-1
-1		3	1	0	41	-1	-1
-1		3	1	0	42	-1	-1
-1		3	1	0	43	-1	-1
-1		3	1	0	44	-1	-1
-1		3	1	0	45	-1	-1
-1		3	1	0	46	-1	-1
-1		3	1	0	47	-1	-1
-1		3	1	0	48	-1	-1
-1		3	1	0	49	-1	-1
-1		3	1	0	50	-1	-1
-1		3	1	0	51	-1	-1
-1		3	1	0	52	-1	-1
-1		3	1	0	53	-1	-1
-1		3	1	0	54	-1	-1
-1		3	1	0	55	-1	-1
-1		3	1	0	56	-1	-1
-1		3	1	0	57	-1	-1
-1		3	1	0	58	-1	-1
-1		3	1	0	59	-1	-1
-1		3	1	0	60	-1	-1
-1		3	1	0	61	-1	-1
-1		3	1	0	62	-1	-1
-1		3	1	0	63	-1	-1
-1		3	1	0	64	-1	-1
-1		3	1	0	65	-1	-1
-1		3	1	0	66	-1	-1
-1		3	1	0	67	-1	-1
-1		3	1	1	0	-1	-1
-1		3	1	1	1	-1	-1
-1		3	1	1	2	-1	-1
-1		3	1	1	3	-1	-1
-1		3	1	1	4	-1	-1
-1		3	1	1	5	-1	-1
-1		3	1	1	6	-1	-1
-1		3	1	1	7	-1	-1
-1		3	1	1	8	-1	-1
-1		3	1	1	9	-1	-1
-1		3	1	1	10	-1	-1
-1		3	1	1	11	-1	-1
-1		3	1	1	12	-1	-1
-1		3	1	1	13	-1	-1
-1		3	1	1	14	-1	-1
-1		3	1	1	15	-1	-1
-1		3	1	1	16	-1	-1
-1		3	1	1	17	-1	-1
-1		3	1	1	18	-1	-1
-1		3	1	1	19	-1	-1
-1		3	1	1	20	-1	-1
-1		3	1	1	21	-1	-1
-1		3	1	1	22	-1	-1
-1		3	1	1	23	-1	-1
-1		3	1	1	24	-1	-1
-1		3	1	1	25	-1	-1
-1		3	1	1	26	-1	-1
-1		3	1	1	27	-1	-1
-1		3	1	1	28	-1	-1
-1		3	1	1	29	-1	-1
-1		3	1	1	30	-1	-1
-1		3	1	1	31	-1	-1
-1		3	1	1	32	-1	-1
-1		3	1	1	33	-1	-1
-1		3	1	1	34	-1	-1
-1		3	1	1	35	-1	-1
-1		3	1	1	36	-1	-1
-1		3	1	1	37	-1	-1
-1		3	1	1	38	-1	-1
-1		3	1	1	39	-1	-1
-1		3	1	1	40	-1	-1
-1		3	1	1	41	-1	-1
-1		3	1	1	42	-1	-1
-1		3	1	1	43	-1	-1
-1		3	1	1	44	-1	-1
-1		3	1	1	45	-1	-1
-1		3	1	1	46	-1	-1
-1		3	1	1	47	-1	-1
-1		3	1	1	48	-1	-1
-1		3	1	1	49	-1	-1
-1		3	1	1	50	-1	-1
-1		3	1	1	51	-1	-1
-1		3	1	1	52	-1	-1
-1		3	1	1	53	-1	-1
-1		3	1	1	54	-1	-1
-1		3	1	1	55	-1	-1
-1		3	1	1	56	-1	-1
-1		3	1	1	57	-1	-1
-1		3	1	1	58	-1	-1
-1		3	1	1	59	-1	-1
-1		3	1	1	60	-1	-1
-1		3	1	1	61	-1	-1
-1		3	1	1	62	-1	-1
-1		3	1	1	63	-1	-1
-1		3	1	1	64	-1	-1
-1		3	1	1	65	-1	-1
-1		3	1	1	66	-1	-1
-1		3	1	1	67	-1	-1
-1		3	1	2	0	-1	-1
-1		3	1	2	1	-1	-1
-1		3	1	2	2	-1	-1
-1		3	1	2	3	-1	-1
-1		3	1	2	4	-1	-1
-1		3	1	2	5	-1	-1
-1		3	1	2	6	-1	-1
-1		3	1	2	7	-1	-1
-1		3	1	2	8	-1	-1
-1		3	1	2	9	-1	-1
-1		3	1	2	10	-1	-1
-1		3	1	2	11	-1	-1
-1		3	1	2	12	-1	-1
-1		3	1	2	13	-1	-1
-1		3	1	2	14	-1	-1
-1		3	1	2	15	-1	-1
-1		3	1	2	16	-1	-1
-1		3	1	2	17	-1	-1
-1		3	1	2	18	-1	-1
-1		3	1	2	19	-1	-1
-1		3	1	2	20	-1	-1
-1		3	1	2	21	-1	-1
-1		3	1	2	22	-1	-1
-1		3	1	2	23	-1	-1
-1		3	1	2	24	-1	-1
-1		3	1	2	25	-1	-1
-1		3	1	2	26	-1	-1
-1		3	1	2	27	-1	-1
-1		3	1	2	28	-1	-1
-1		3	1	2	29	-1	-1
-1		3	1	2	30	-1	-1
-1		3	1	2	31	-1	-1
-1		3	1	2	32	-1	-1
-1		3	1	2	33	-1	-1
-1		3	1	2	34	-1	-1
-1		3	1	2	35	-1	-1
-1		3	1	2	36	-1	-1
-1		3	1	2	37	-1	-1
-1		3	1	2	38	-1	-1
-1		3	1	2	39	-1	-1
-1		3	1	2	40	-1	-1
-1		3	1	2	41	-1	-1
-1		3	1	2	42	-1	-1
-1		3	1	2	43	-1	-1
-1		3	1	2	44	-1	-1
-1		3	1	2	45	-1	-1
-1		3	1	2	46	-1	-1
-1		3	1	2	47	-1	-1
-1		3	1	2	48	-1	-1
-1		3	1	2	49	-1	-1
-1		3	1	2	50	-1	-1
-1		3	1	2	51	-1	-1
-1		3	1	2	52	-1	-1
-1		3	1	2	53	-1	-1
-1		3	1	2	54	-1	-1
-1		3	1	2	55	-1	-1
-1		3	1	2	56	-1	-1
-1		3	1	2	57	-1	-1
-1		3	1	2	58	-1	-1
-1		3	1	2	59	-1	-1
-1		3	1	2	60	-1	-1
-1		3	1	2	61	-1	-1
-1		3	1	2	62	-1	-1
-1		3	1	2	63	-1	-1
-1		3	1	2	64	-1	-1
-1		3	1	2	65	-1	-1
-1		3	1	2	66	-1	-1
-1		3	1	2	67	-1	-1
-1		3	1	3	0	-1	-1
-1		3	1	3	1	-1	-1
-1		3	1	3	2	-1	-1
-1		3	1	3	3	-1	-1
-1		3	1	3	4	-1	-1
-1		3	1	3	5	-1	-1
-1		3	1	3	6	-1	-1
-1		3	1	3	7	-1	-1
-1		3	1	3	8	-1	-1
-1		3	1	3	9	-1	-1
-1		3	1	3	10	-1	-1
-1		3	1	3	11	-1	-1
-1		3	1	3	12	-1	-1
-1		3	1	3	13	-1	-1
-1		3	1	3	14	-1	-1
-1		3	1	3	15	-1	-1
-1		3	1	3	16	-1	-1
-1		3	1	3	17	-1	-1
-1		3	1	3	18	-1	-1
-1		3	1	3	19	-1	-1
-1		3	1	3	20	-1	-1
-1		3	1	3	21	-1	-1
-1		3	1	3	22	-1	-1
-1		3	1	3	23	-1	-1
-1		3	1	3	24	-1	-1
-1		3	1	3	25	-1	-1
-1		3	1	3	26	-1	-1
-1		3	1	3	27	-1	-1
-1		3	1	3	28	-1	-1
-1		3	1	3	29	-1	-1
-1		3	1	3	30	-1	-1
-1		3	1	3	31	-1	-1
-1		3	1	3	32	-1	-1
-1		3	1	3	33	-1	-1
-1		3	1	3	34	-1	-1
-1		3	1	3	35	-1	-1
-1		3	1	3	36	-1	-1
-1		3	1	3	37	-1	-1
-1		3	1	3	38	-1	-1
-1		3	1	3	39	-1	-1
-1		3	1	3	40	-1	-1
-1		3	1	3	41	-1	-1
-1		3	1	3	42	-1	-1
-1		3	1	3	43	-1	-1
-1		3	1	3	44	-1	-1
-1		3	1	3	45	-1	-1
-1		3	1	3	46	-1	-1
-1		3	1	3	47	-1	-1
-1		3	1	3	48	-1	-1
-1		3	1	3	49	-1	-1
-1		3	1	3	50	-1	-1
-1		3	1	3	51	-1	-1
-1		3	1	3	52	-1	-1
-1		3	1	3	53	-1	-1
-1		3	1	3	54	-1	-1
-1		3	1	3	55	-1	-1
-1		3	1	3	56	-1	-1
-1		3	1	3	57	-1	-1
-1		3	1	3	58	-1	-1
-1		3	1	3	59	-1	-1
-1		3	1	3	60	-1	-1
-1		3	1	3	61	-1	-1
-1		3	1	3	62	-1	-1
-1		3	1	3	63	-1	-1
-1		3	1	3	64	-1	-1
-1		3	1	3	65	-1	-1
-1		3	1	3	66	-1	-1
-1		3	1	3	67	-1	-1
-1		3	2	0	0	-1	-1
-1		3	2	0	1	-1	-1
-1		3	2	0	2	-1	-1
-1		3	2	0	3	-1	-1
-1		3	2	0	4	-1	-1
-1		3	2	0	5	-1	-1
-1		3	2	0	6	-1	-1
-1		3	2	0	7	-1	-1
-1		3	2	0	8	-1	-1
-1		3	2	0	9	-1	-1
-1		3	2	0	10	-1	-1
-1		3	2	0	11	-1	-1
-1		3	2	0	12	-1	-1
-1		3	2	0	13	-1	-1
-1		3	2	0	14	-1	-1
-1		3	2	0	15	-1	-1
-1		3	2	0	16	-1	-1
-1		3	2	0	17	-1	-1
-1		3	2	0	18	-1	-1
-1		3	2	0	19	-1	-1
-1		3	2	0	20	-1	-1
-1		3	2	0	21	-1	-1
-1		3	2	0	22	-1	-1
-1		3	2	0	23	-1	-1
-1		3	2	0	24	-1	-1
-1		3	2	0	25	-1	-1
-1		3	2	0	26	-1	-1
-1		3	2	0	27	-1	-1
-1		3	2	0	28	-1	-1
-1		3	2	0	29	-1	-1
-1		3	2	0	30	-1	-1
-1		3	2	0	31	-1	-1
-1		3	2	0	32	-1	-1
-1		3	2	0	33	-1	-1
-1		3	2	0	34	-1	-1
-1		3	2	0	35	-1	-1
-1		3	2	0	36	-1	-1
-1		3	2	0	37	-1	-1
-1		3	2	0	38	-1	-1
-1		3	2	0	39	-1	-1
-1		3	2	0	40	-1	-1
-1		3	2	0	41	-1	-1
-1		3	2	0	42	-1	-1
-1		3	2	0	43	-1	-1
-1		3	2	0	44	-1	-1
-1		3	2	0	45	-1	-1
-1		3	2	0	46	-1	-1
-1		3	2	0	47	-1	-1
-1		3	2	0	48	-1	-1
-1		3	2	0	49	-1	-1
-1		3	2	0	50	-1	-1
-1		3	2	0	51	-1	-1
-1		3	2	0	52	-1	-1
-1		3	2	0	53	-1	-1
-1		3	2	0	54	-1	-1
-1		3	2	0	55	-1	-1
-1		3	2	0	56	-1	-1
-1		3	2	0	57	-1	-1
-1		3	2	0	58	-1	-1
-1		3	2	0	59	-1	-1
-1		3	2	0	60	-1	-1
-1		3	2	0	61	-1	-1
-1		3	2	0	62	-1	-1
-1		3	2	0	63	-1	-1
-1		3	2	0	64	-1	-1
-1		3	2	0	65	-1	-1
-1		3	2	0	66	-1	-1
-1		3	2	0	67	-1	-1
-1		3	2	1	0	-1	-1
-1		3	2	1	1	-1	-1
-1		3	2	1	2	-1	-1
-1		3	2	1	3	-1	-1
-1		3	2	1	4	-1	-1
-1		3	2	1	5	-1	-1
-1		3	2	1	6	-1	-1
-1		3	2	1	7	-1	-1
-1		3	2	1	8	-1	-1
-1		3	2	1	9	-1	-1
-1		3	2	1	10	-1	-1
-1		3	2	1	11	-1	-1
-1		3	2	1	12	-1	-1
-1		3	2	1	13	-1	-1
-1		3	2	1	14	-1	-1
-1		3	2	1	15	-1	-1
-1		3	2	1	16	-1	-1
-1		3	2	1	17	-1	-1
-1		3	2	1	18	-1	-1
-1		3	2	1	19	-1	-1
-1		3	2	1	20	-1	-1
-1		3	2	1	21	-1	-1
-1		3	2	1	22	-1	-1
-1		3	2	1	23	-1	-1
-1		3	2	1	24	-1	-1
-1		3	2	1	25	-1	-1
-1		3	2	1	26	-1	-1
-1		3	2	1	27	-1	-1
-1		3	2	1	28	-1	-1
-1		3	2	1	29	-1	-1
-1		3	2	1	30	-1	-1
-1		3	2	1	31	-1	-1
-1		3	2	1	32	-1	-1
-1		3	2	1	33	-1	-1
-1		3	2	1	34	-1	-1
-1		3	2	1	35	-1	-1
-1		3	2	1	36	-1	-1
-1		3	2	1	37	-1	-1
-1		3	2	1	38	-1	-1
-1		3	2	1	39	-1	-1
-1		3	2	1	40	-1	-1
-1		3	2	1	41	-1	-1
-1		3	2	1	42	-1	-1
-1		3	2	1	43	-1	-1
-1		3	2	1	44	-1	-1
-1		3	2	1	45	-1	-1
-1		3	2	1	46	-1	-1
-1		3	2	1	47	-1	-1
-1		3	2	1	48	-1	-1
-1		3	2	1	49	-1	-1
-1		3	2	1	50	-1	-1
-1		3	2	1	51	-1	-1
-1		3	2	1	52	-1	-1
-1		3	2	1	53	-1	-1
-1		3	2	1	54	-1	-1
-1		3	2	1	55	-1	-1
-1		3	2	1	56	-1	-1
-1		3	2	1	57	-1	-1
-1		3	2	1	58	-1	-1
-1		3	2	1	59	-1	-1
-1		3	2	1	60	-1	-1
-1		3	2	1	61	-1	-1
-1		3	2	1	62	-1	-1
-1		3	2	1	63	-1	-1
-1		3	2	1	64	-1	-1
-1		3	2	1	65	-1	-1
-1		3	2	1	66	-1	-1
-1		3	2	1	67	-1	-1
-1		3	2	2	0	-1	-1
-1		3	2	2	1	-1	-1
-1		3	2	2	2	-1	-1
-1		3	2	2	3	-1	-1
-1		3	2	2	4	-1	-1
-1		3	2	2	5	-1	-1
-1		3	2	2	6	-1	-1
-1		3	2	2	7	-1	-1
-1		3	2	2	8	-1	-1
-1		3	2	2	9	-1	-1
-1		3	2	2	10	-1	-1
-1		3	2	2	11	-1	-1
-1		3	2	2	12	-1	-1
-1		3	2	2	13	-1	-1
-1		3	2	2	14	-1	-1
-1		3	2	2	15	-1	-1
-1		3	2	2	16	-1	-1
-1		3	2	2	17	-1	-1
-1		3	2	2	18	-1	-1
-1		3	2	2	19	-1	-1
-1		3	2	2	20	-1	-1
-1		3	2	2	21	-1	-1
-1		3	2	2	22	-1	-1
-1		3	2	2	23	-1	-1
-1		3	2	2	24	-1	-1
-1		3	2	2	25	-1	-1
-1		3	2	2	26	-1	-1
-1		3	2	2	27	-1	-1
-1		3	2	2	28	-1	-1
-1		3	2	2	29	-1	-1
-1		3	2	2	30	-1	-1
-1		3	2	2	31	-1	-1
-1		3	2	2	32	-1	-1
-1		3	2	2	33	-1	-1
-1		3	2	2	34	-1	-1
-1		3	2	2	35	-1	-1
-1		3	2	2	36	-1	-1
-1		3	2	2	37	-1	-1
-1		3	2	2	38	-1	-1
-1		3	2	2	39	-1	-1
-1		3	2	2	40	-1	-1
-1		3	2	2	41	-1	-1
-1		3	2	2	42	-1	-1
-1		3	2	2	43	-1	-1
-1		3	2	2	44	-1	-1
-1		3	2	2	45	-1	-1
-1		3	2	2	46	-1	-1
-1		3	2	2	47	-1	-1
-1		3	2	2	48	-1	-1
-1		3	2	2	49	-1	-1
-1		3	2	2	50	-1	-1
-1		3	2	2	51	-1	-1
-1		3	2	2	52	-1	-1
-1		3	2	2	53	-1	-1
-1		3	2	2	54	-1	-1
-1		3	2	2	55	-1	-1
-1		3	2	2	56	-1	-1
-1		3	2	2	57	-1	-1
-1		3	2	2	58	-1	-1
-1		3	2	2	59	-1	-1
-1		3	2	2	60	-1	-1
-1		3	2	2	61	-1	-1
-1		3	2	2	62	-1	-1
-1		3	2	2	63	-1	-1
-1		3	2	2	64	-1	-1
-1		3	2	2	65	-1	-1
-1		3	2	2	66	-1	-1
-1		3	2	2	67	-1	-1
-1		3	2	3	0	-1	-1
-1		3	2	3	1	-1	-1
-1		3	2	3	2	-1	-1
-1		3	2	3	3	-1	-1
-1		3	2	3	4	-1	-1
-1		3	2	3	5	-1	-1
-1		3	2	3	6	-1	-1
-1		3	2	3	7	-1	-1
-1		3	2	3	8	-1	-1
-1		3	2	3	9	-1	-1
-1		3	2	3	10	-1	-1
-1		3	2	3	11	-1	-1
-1		3	2	3	12	-1	-1
-1		3	2	3	13	-1	-1
-1		3	2	3	14	-1	-1
-1		3	2	3	15	-1	-1
-1		3	2	3	16	-1	-1
-1		3	2	3	17	-1	-1
-1		3	2	3	18	-1	-1
-1		3	2	3	19	-1	-1
-1		3	2	3	20	-1	-1
-1		3	2	3	21	-1	-1
-1		3	2	3	22	-1	-1
-1		3	2	3	23	-1	-1
-1		3	2	3	24	-1	-1
-1		3	2	3	25	-1	-1
-1		3	2	3	26	-1	-1
-1		3	2	3	27	-1	-1
-1		3	2	3	28	-1	-1
-1		3	2	3	29	-1	-1
-1		3	2	3	30	-1	-1
-1		3	2	3	31	-1	-1
-1		3	2	3	32	-1	-1
-1		3	2	3	33	-1	-1
-1		3	2	3	34	-1	-1
-1		3	2	3	35	-1	-1
-1		3	2	3	36	-1	-1
-1		3	2	3	37	-1	-1
-1		3	2	3	38	-1	-1
-1		3	2	3	39	-1	-1
-1		3	2	3	40	-1	-1
-1		3	2	3	41	-1	-1
-1		3	2	3	42	-1	-1
-1		3	2	3	43	-1	-1
-1		3	2	3	44	-1	-1
-1		3	2	3	45	-1	-1
-1		3	2	3	46	-1	-1
-1		3	2	3	47	-1	-1
-1		3	2	3	48	-1	-1
-1		3	2	3	49	-1	-1
-1		3	2	3	50	-1	-1
-1		3	2	3	51	-1	-1
-1		3	2	3	52	-1	-1
-1		3	2	3	53	-1	-1
-1		3	2	3	54	-1	-1
-1		3	2	3	55	-1	-1
-1		3	2	3	56	-1	-1
-1		3	2	3	57	-1	-1
-1		3	2	3	58	-1	-1
-1		3	2	3	59	-1	-1
-1		3	2	3	60	-1	-1
-1		3	2	3	61	-1	-1
-1		3	2	3	62	-1	-1
-1		3	2	3	63	-1	-1
-1		3	2	3	64	-1	-1
-1		3	2	3	65	-1	-1
-1		3	2	3	66	-1	-1
-1		3	2	3	67	-1	-1
-1		3	3	0	0	-1	-1
-1		3	3	0	1	-1	-1
-1		3	3	0	2	-1	-1
-1		3	3	0	3	-1	-1
-1		3	3	0	4	-1	-1
-1		3	3	0	5	-1	-1
-1		3	3	0	6	-1	-1
-1		3	3	0	7	-1	-1
-1		3	3	0	8	-1	-1
-1		3	3	0	9	-1	-1
-1		3	3	0	10	-1	-1
-1		3	3	0	11	-1	-1
-1		3	3	0	12	-1	-1
-1		3	3	0	13	-1	-1
-1		3	3	0	14	-1	-1
-1		3	3	0	15	-1	-1
-1		3	3	0	16	-1	-1
-1		3	3	0	17	-1	-1
-1		3	3	0	18	-1	-1
-1		3	3	0	19	-1	-1
-1		3	3	0	20	-1	-1
-1		3	3	0	21	-1	-1
-1		3	3	0	22	-1	-1
-1		3	3	0	23	-1	-1
-1		3	3	0	24	-1	-1
-1		3	3	0	25	-1	-1
-1		3	3	0	26	-1	-1
-1		3	3	0	27	-1	-1
-1		3	3	0	28	-1	-1
-1		3	3	0	29	-1	-1
-1		3	3	0	30	-1	-1
-1		3	3	0	31	-1	-1
-1		3	3	0	32	-1	-1
-1		3	3	0	33	-1	-1
-1		3	3	0	34	-1	-1
-1		3	3	0	35	-1	-1
-1		3	3	0	36	-1	-1
-1		3	3	0	37	-1	-1
-1		3	3	0	38	-1	-1
-1		3	3	0	39	-1	-1
-1		3	3	0	40	-1	-1
-1		3	3	0	41	-1	-1
-1		3	3	0	42	-1	-1
-1		3	3	0	43	-1	-1
-1		3	3	0	44	-1	-1
-1		3	3	0	45	-1	-1
-1		3	3	0	46	-1	-1
-1		3	3	0	47	-1	-1
-1		3	3	0	48	-1	-1
-1		3	3	0	49	-1	-1
-1		3	3	0	50	-1	-1
-1		3	3	0	51	-1	-1
-1		3	3	0	52	-1	-1
-1		3	3	0	53	-1	-1
-1		3	3	0	54	-1	-1
-1		3	3	0	55	-1	-1
-1		3	3	0	56	-1	-1
-1		3	3	0	57	-1	-1
-1		3	3	0	58	-1	-1
-1		3	3	0	59	-1	-1
-1		3	3	0	60	-1	-1
-1		3	3	0	61	-1	-1
-1		3	3	0	62	-1	-1
-1		3	3	0	63	-1	-1
-1		3	3	0	64	-1	-1
-1		3	3	0	65	-1	-1
-1		3	3	0	66	-1	-1
-1		3	3	0	67	-1	-1
-1		3	3	1	0	-1	-1
-1		3	3	1	1	-1	-1
-1		3	3	1	2	-1	-1
-1		3	3	1	3	-1	-1
-1		3	3	1	4	-1	-1
-1		3	3	1	5	-1	-1
-1		3	3	1	6	-1	-1
-1		3	3	1	7	-1	-1
-1		3	3	1	8	-1	-1
-1		3	3	1	9	-1	-1
-1		3	3	1	10	-1	-1
-1		3	3	1	11	-1	-1
-1		3	3	1	12	-1	-1
-1		3	3	1	13	-1	-1
-1		3	3	1	14	-1	-1
-1		3	3	1	15	-1	-1
-1		3	3	1	16	-1	-1
-1		3	3	1	17	-1	-1
-1		3	3	1	18	-1	-1
-1		3	3	1	19	-1	-1
-1		3	3	1	20	-1	-1
-1		3	3	1	21	-1	-1
-1		3	3	1	22	-1	-1
-1		3	3	1	23	-1	-1
-1		3	3	1	24	-1	-1
-1		3	3	1	25	-1	-1
-1		3	3	1	26	-1	-1
-1		3	3	1	27	-1	-1
-1		3	3	1	28	-1	-1
-1		3	3	1	29	-1	-1
-1		3	3	1	30	-1	-1
-1		3	3	1	31	-1	-1
-1		3	3	1	32	-1	-1
-1		3	3	1	33	-1	-1
-1		3	3	1	34	-1	-1
-1		3	3	1	35	-1	-1
-1		3	3	1	36	-1	-1
-1		3	3	1	37	-1	-1
-1		3	3	1	38	-1	-1
-1		3	3	1	39	-1	-1
-1		3	3	1	40	-1	-1
-1		3	3	1	41	-1	-1
-1		3	3	1	42	-1	-1
-1		3	3	1	43	-1	-1
-1		3	3	1	44	-1	-1
-1		3	3	1	45	-1	-1
-1		3	3	1	46	-1	-1
-1		3	3	1	47	-1	-1
-1		3	3	1	48	-1	-1
-1		3	3	1	49	-1	-1
-1		3	3	1	50	-1	-1
-1		3	3	1	51	-1	-1
-1		3	3	1	52	-1	-1
-1		3	3	1	53	-1	-1
-1		3	3	1	54	-1	-1
-1		3	3	1	55	-1	-1
-1		3	3	1	56	-1	-1
-1		3	3	1	57	-1	-1
-1		3	3	1	58	-1	-1
-1		3	3	1	59	-1	-1
-1		3	3	1	60	-1	-1
-1		3	3	1	61	-1	-1
-1		3	3	1	62	-1	-1
-1		3	3	1	63	-1	-1
-1		3	3	1	64	-1	-1
-1		3	3	1	65	-1	-1
-1		3	3	1	66	-1	-1
-1		3	3	1	67	-1	-1
-1		3	3	2	0	-1	-1
-1		3	3	2	1	-1	-1
-1		3	3	2	2	-1	-1
-1		3	3	2	3	-1	-1
-1		3	3	2	4	-1	-1
-1		3	3	2	5	-1	-1
-1		3	3	2	6	-1	-1
-1		3	3	2	7	-1	-1
-1		3	3	2	8	-1	-1
-1		3	3	2	9	-1	-1
-1		3	3	2	10	-1	-1
-1		3	3	2	11	-1	-1
-1		3	3	2	12	-1	-1
-1		3	3	2	13	-1	-1
-1		3	3	2	14	-1	-1
-1		3	3	2	15	-1	-1
-1		3	3	2	16	-1	-1
-1		3	3	2	17	-1	-1
-1		3	3	2	18	-1	-1
-1		3	3	2	19	-1	-1
-1		3	3	2	20	-1	-1
-1		3	3	2	21	-1	-1
-1		3	3	2	22	-1	-1
-1		3	3	2	23	-1	-1
-1		3	3	2	24	-1	-1
-1		3	3	2	25	-1	-1
-1		3	3	2	26	-1	-1
-1		3	3	2	27	-1	-1
-1		3	3	2	28	-1	-1
-1		3	3	2	29	-1	-1
-1		3	3	2	30	-1	-1
-1		3	3	2	31	-1	-1
-1		3	3	2	32	-1	-1
-1		3	3	2	33	-1	-1
-1		3	3	2	34	-1	-1
-1		3	3	2	35	-1	-1
-1		3	3	2	36	-1	-1
-1		3	3	2	37	-1	-1
-1		3	3	2	38	-1	-1
-1		3	3	2	39	-1	-1
-1		3	3	2	40	-1	-1
-1		3	3	2	41	-1	-1
-1		3	3	2	42	-1	-1
-1		3	3	2	43	-1	-1
-1		3	3	2	44	-1	-1
-1		3	3	2	45	-1	-1
-1		3	3	2	46	-1	-1
-1		3	3	2	47	-1	-1
-1		3	3	2	48	-1	-1
-1		3	3	2	49	-1	-1
-1		3	3	2	50	-1	-1
-1		3	3	2	51	-1	-1
-1		3	3	2	52	-1	-1
-1		3	3	2	53	-1	-1
-1		3	3	2	54	-1	-1
-1		3	3	2	55	-1	-1
-1		3	3	2	56	-1	-1
-1		3	3	2	57	-1	-1
-1		3	3	2	58	-1	-1
-1		3	3	2	59	-1	-1
-1		3	3	2	60	-1	-1
-1		3	3	2	61	-1	-1
-1		3	3	2	62	-1	-1
-1		3	3	2	63	-1	-1
-1		3	3	2	64	-1	-1
-1		3	3	2	65	-1	-1
-1		3	3	2	66	-1	-1
-1		3	3	2	67	-1	-1
-1		3	3	3	0	-1	-1
-1		3	3	3	1	-1	-1
-1		3	3	3	2	-1	-1
-1		3	3	3	3	-1	-1
-1		3	3	3	4	-1	-1
-1		3	3	3	5	-1	-1
-1		3	3	3	6	-1	-1
-1		3	3	3	7	-1	-1
-1		3	3	3	8	-1	-1
-1		3	3	3	9	-1	-1
-1		3	3	3	10	-1	-1
-1		3	3	3	11	-1	-1
-1		3	3	3	12	-1	-1
-1		3	3	3	13	-1	-1
-1		3	3	3	14	-1	-1
-1		3	3	3	15	-1	-1
-1		3	3	3	16	-1	-1
-1		3	3	3	17	-1	-1
-1		3	3	3	18	-1	-1
-1		3	3	3	19	-1	-1
-1		3	3	3	20	-1	-1
-1		3	3	3	21	-1	-1
-1		3	3	3	22	-1	-1
-1		3	3	3	23	-1	-1
-1		3	3	3	24	-1	-1
-1		3	3	3	25	-1	-1
-1		3	3	3	26	-1	-1
-1		3	3	3	27	-1	-1
-1		3	3	3	28	-1	-1
-1		3	3	3	29	-1	-1
-1		3	3	3	30	-1	-1
-1		3	3	3	31	-1	-1
-1		3	3	3	32	-1	-1
-1		3	3	3	33	-1	-1
-1		3	3	3	34	-1	-1
-1		3	3	3	35	-1	-1
-1		3	3	3	36	-1	-1
-1		3	3	3	37	-1	-1
-1		3	3	3	38	-1	-1
-1		3	3	3	39	-1	-1
-1		3	3	3	40	-1	-1
-1		3	3	3	41	-1	-1
-1		3	3	3	42	-1	-1
-1		3	3	3	43	-1	-1
-1		3	3	3	44	-1	-1
-1		3	3	3	45	-1	-1
-1		3	3	3	46	-1	-1
-1		3	3	3	47	-1	-1
-1		3	3	3	48	-1	-1
-1		3	3	3	49	-1	-1
-1		3	3	3	50	-1	-1
-1		3	3	3	51	-1	-1
-1		3	3	3	52	-1	-1
-1		3	3	3	53	-1	-1
-1		3	3	3	54	-1	-1
-1		3	3	3	55	-1	-1
-1		3	3	3	56	-1	-1
-1		3	3	3	57	-1	-1
-1		3	3	3	58	-1	-1
-1		3	3	3	59	-1	-1
-1		3	3	3	60	-1	-1
-1		3	3	3	61	-1	-1
-1		3	3	3	62	-1	-1
-1		3	3	3	63	-1	-1
-1		3	3	3	64	-1	-1
-1		3	3	3	65	-1	-1
-1		3	3	3	66	-1	-1
-1		3	3	3	67	-1	-1
